683
440
8046
7336
8143
3946
9688
1387
2531
8746
3725
6459
1363
956
6724
1036
6520
2738
7962
4747
9577
1478
6968
1604
941
7642
6125
1786
2856
980
3628
7313
7131
6952
708
850
5791
7012
2682
173
4869
1494
1604
5773
3988
2554
8202
7567
2661
4670
2024
7818
4445
4612
3747
5963
6848
8925
4575
2838
9787
9265
3488
5707
529
5574
4146
777
5783
4222
806
1751
5395
9692
6772
8927
7313
7594
5027
444
6863
8373
3881
7714
5745
1738
3371
5012
3907
225
7857
6300
2425
5902
4491
3953
6062
4608
6035
4012
6884
9345
5296
7463
820
1277
4429
6635
3487
3629
2758
6881
5294
2445
9548
2526
2107
1892
8194
9914
849
5912
8199
7837
9227
3890
5470
9563
2903
9365
1406
5657
4341
1088
8235
5973
6653
6648
1783
3862
1716
9775
1140
3355
4132
6549
5491
7152
775
6571
7509
5982
454
5029
90
1158
1779
4788
1462
5464
8475
6031
2395
9192
4830
4023
2693
2710
7487
9393
8190
2620
8723
7085
5943
92
8148
9232
4572
13
7622
5121
2320
783
2737
6613
9444
7359
7
8158
8497
7357
7433
5980
7178
4602
1246
233
451
2703
442
1686
5491
9832
2022
987
8302
7209
3625
3221
4509
4629
6884
502
4212
1027
4498
2131
5258
8048
2615
7251
8204
1273
3670
9708
1018
1754
5999
5619
5925
6720
2837
5551
7492
6044
3063
7626
5640
6383
6677
3290
7395
8109
9847
325
9028
1187
1848
271
4148
7414
7457
1593
9190
2272
8291
3143
1260
137
5577
4144
3007
5419
6234
1285
7879
1642
4389
9595
9597
629
3415
5879
6280
9736
3467
3247
7344
5958
2639
9145
3745
2992
3881
7972
1397
9632
6540
4159
5027
4601
5466
7564
3843
558
9104
9304
7058
3551
6392
9745
3162
1965
7448
4769
6923
4242
4230
5747
9899
3458
583
7515
6712
3004
1402
1241
4326
5971
6068
3704
6717
605
5998
5969
6045
165
3748
7334
3813
5990
1637
3910
1040
7490
6607
9135
3413
238
2724
8134
9771
6028
3026
7299
1537
3599
7730
9961
4135
9350
2252
4347
6525
9749
6004
4457
2542
9605
9201
2488
9602
3605
8985
1265
1480
2952
497
988
4020
4219
1809
5303
7987
3902
8714
6623
2834
1833
8960
3464
2974
8786
1731
1583
4306
3958
36
7034
7185
8042
8055
693
5117
6721
273
3226
2944
4087
3138
9041
8241
7042
5559
5726
4513
6252
2470
4035
1151
8871
3204
1223
4623
4026
2764
1153
799
8548
220
2564
6449
2566
3115
6037
3329
7024
9911
4957
5368
5322
8263
7159
8508
3928
7618
5888
4310
6867
6418
2016
1218
4881
6433
7142
6926
9620
7153
4585
5887
8491
2511
9657
5375
6715
3755
5640
1436
3260
4524
938
511
7393
9170
753
531
8437
3885
7408
9914
8612
6208
9281
2235
5058
3323
8343
1043
2114
6095
372
5158
3156
6127
4462
7927
4540
6664
5432
8317
4868
1924
2590
4034
6414
5080
7612
8559
958
5652
9850
453
8457
7002
2975
4556
9874
7553
2099
8418
1935
966
1387
2010
903
3857
7009
9259
364
5934
382
1863
802
6338
2837
2327
2210
678
6433
3649
6150
2114
1070
766
6688
9618
2063
777
4068
7908
3699
7753
8922
179
1512
3528
7926
9428
3973
4098
2754
4580
5253
4641
7180
7945
634
9768
5374
8157
4792
150
2477
300
1023
8544
623
2348
2315
6247
8180
4377
7026
1457
8025
2457
404
2164
7166
423
7047
5496
9912
5982
5449
9758
9220
8030
6082
9896
1375
8204
4430
9878
4917
7950
41
1749
2857
3280
4082
5222
118
2950
9974
9448
7640
4746
9923
7836
8372
6013
9017
7740
6242
2747
9503
2927
3744
4296
2073
9632
3629
4699
5670
9247
9434
8857
5396
2860
6642
5957
632
1613
315
2263
8909
511
6959
1206
7980
1647
7619
3022
1613
5074
4016
5143
4489
6450
5510
3506
539
7540
5636
6755
2468
4948
2192
4276
4558
2160
5438
8651
1456
6664
8707
5154
1243
7350
226
2795
9952
5833
1702
5280
5797
6429
1993
1060
4872
7273
2355
9245
8835
5783
4790
6415
8941
3118
4586
6794
8037
5964
7406
2517
2077
3817
5340
9134
4926
2289
8826
1534
7987
4765
5884
9347
2992
3395
4618
8286
3183
4848
5998
5995
3278
6047
2333
6393
5637
6101
7088
1653
5981
6041
1493
2026
9971
807
3409
1901
7493
524
765
3343
9843
6113
5188
2047
4642
8623
1358
3495
4189
2967
6521
8985
7645
806
549
3736
7412
2078
6464
8089
1356
5963
5638
3050
3275
425
5390
2821
4603
6775
6560
12
6872
7785
154
9900
6521
4817
8147
7069
3862
6969
3462
3207
4584
6845
2983
6925
2079
8950
8750
2335
2650
8330
955
1918
7314
7629
3392
550
18
4205
6187
9902
7185
8611
9403
6254
9444
2257
5121
6831
663
5038
4518
5062
6355
7122
159
7114
9604
4805
7733
318
1427
3214
1628
2213
4203
6840
4470
5243
9997
2325
9004
2111
4348
1882
2629
4245
760
7393
2670
8087
8092
5447
1849
926
5910
6978
4311
7888
8249
2738
8437
2610
3402
6492
2605
9199
1638
1804
6915
4783
7936
170
4793
3742
488
9073
9692
5445
3372
9275
1194
1272
3673
4356
4792
4586
7255
2338
1929
6018
2441
8127
2651
8640
2307
7936
1490
2997
8074
6879
4961
7837
4389
9862
374
3483
2188
1610
3583
1467
4018
9665
9687
5480
7604
7932
9565
4038
6782
5068
487
1805
6188
8749
6041
1018
7888
4325
6954
93
6610
9029
2583
5252
6984
4210
1108
3798
9626
9273
4104
237
3142
5379
9598
5874
9610
798
4109
6314
9131
7727
4555
466
9311
4126
5298
1291
4356
2823
3009
6039
8512
1615
727
817
499
571
1530
8340
4476
7613
9375
8232
1157
2428
7467
6971
9266
4504
6398
69
5572
6104
7301
3950
4265
4332
3498
8470
2514
1791
4440
8801
9731
4064
9909
7869
5958
3060
3756
2922
811
8307
1357
3804
3835
5359
4896
687
6807
9253
6239
3006
8586
6721
224
1030
9591
926
119
479
6506
771
1646
4501
987
2455
4102
5279
766
4090
6838
3688
7414
3368
8563
6516
4562
2869
5519
6295
1078
3332
379
996
6286
530
9423
4252
5991
533
1871
6210
3284
8510
6818
6588
9066
6797
7905
2240
7311
8670
3338
7557
9629
5593
3081
1088
152
5399
1560
7135
6713
4587
9268
7451
1718
9579
643
8503
4089
2242
7604
9660
9884
9786
9828
6623
9404
7438
719
5017
3134
4468
9782
6528
7871
4532
385
8021
2412
1649
2458
2301
9820
1233
1221
8391
4928
8727
4611
2606
3321
6641
4839
1523
6530
8859
9396
1179
6671
1767
552
2450
9022
285
5844
7968
1447
6573
3428
3590
5104
359
4671
1450
136
1003
2886
5016
534
9920
549
4690
105
5677
8781
9488
972
4413
5163
5123
7273
6877
7785
6129
5610
8139
1707
4076
8635
540
7990
2990
5712
2112
800
1122
4819
1289
477
733
7502
2076
2586
4354
3266
4895
9400
1603
674
5782
6746
9892
5055
2115
7669
7485
8502
7872
2112
8094
9244
831
5157
3135
4692
6185
397
1181
8613
2598
8655
1218
5319
6254
7758
4961
6947
3710
4984
8616
9632
4154
360
7591
5529
2477
7906
1271
4196
799
2505
8351
6147
9340
3765
889
6496
9975
4172
2683
4333
864
4127
2430
6838
6390
3583
2666
5808
3128
5731
5680
7075
3322
2863
847
2398
6092
8947
3037
9088
1128
4365
733
5581
2965
3051
6951
8814
8358
3828
5312
2937
8105
7606
5674
2000
9968
3085
2982
3932
3206
6910
2746
8614
7608
913
5583
1278
2393
6323
5811
4618
5631
8698
4098
4448
1143
9457
4153
6387
3353
4786
8853
6923
3309
8674
2167
8794
2472
4586
1815
1731
6971
2416
4594
5253
7492
5396
7137
7580
8939
6120
3134
11
1310
1771
7867
572
3741
6087
6588
6136
7888
2177
6480
6804
9511
8725
9309
8282
9855
6577
6360
1627
2415
8530
4987
3091
1179
9359
897
690
9189
5207
4764
8076
5843
8311
7129
5088
6267
9702
6378
5079
6442
3208
8608
6282
3303
5117
5265
9184
5050
9564
4321
750
9962
3305
6054
2412
3438
5842
814
7676
7352
5900
793
1095
5557
6309
1819
538
6377
3989
654
7185
2955
2195
2455
6553
285
9081
532
2794
3610
5169
3609
327
6287
1132
5311
4102
1189
9053
4347
9210
7410
7971
4454
3826
6583
1326
1558
3413
1057
2108
9968
3783
9283
5041
9618
2236
3467
9488
360
4112
2710
8215
4298
4625
2340
7661
6392
6383
7092
2242
3691
7912
3632
296
8268
6385
9597
5818
702
7486
5517
6431
2743
6411
9411
327
452
3241
6916
3308
5717
5635
1736
7591
5528
9382
2702
7226
146
8873
8150
8038
2841
7180
794
4800
9488
3714
3619
9461
8385
9751
7677
8422
5404
4654
1212
5980
8713
713
7869
1358
2564
4705
8966
3029
7396
318
9716
1681
2935
7549
8036
34
9584
6321
8601
7823
5865
1153
2400
9259
9442
7795
1826
3621
1459
334
8585
2252
2238
2270
2743
3755
5250
7972
3647
6653
7356
5910
2329
7217
7571
9600
4339
2915
4637
960
5812
1964
9626
8708
550
6259
2862
6608
9073
9016
3875
6018
1412
9632
5538
2928
9029
7515
6525
9534
8959
318
117
2344
103
6526
5301
2585
3072
3781
1236
1564
3712
4866
4432
3419
3451
8763
3020
9992
8472
1923
6271
866
7225
7291
7555
1224
3337
9870
7910
7062
2739
8563
6674
8044
9983
478
5306
4905
1874
5542
8793
9197
9282
5294
9136
3887
9345
725
1006
6355
3505
5037
7902
2195
3201
8342
8367
4104
6075
1677
5462
6249
6643
111
9141
3362
4060
6744
2781
6095
6682
3424
6837
5343
6437
7540
2584
8417
4491
2439
2477
284
8716
8854
6444
4064
6430
3736
6320
7748
9852
5230
720
8774
4983
6111
6853
112
4365
9325
3257
7954
2163
4786
828
1104
7810
4894
6618
2562
466
6691
8495
6946
6685
7645
9786
1873
6170
1934
3342
365
5172
5437
6628
2185
3287
5923
8387
4576
8091
3088
4397
8999
7533
4282
5982
2343
3577
8796
2695
6914
7879
1170
10000
7551
6063
4810
9929
7042
8487
8355
987
1533
275
9770
6206
963
7304
3428
6031
2491
235
663
4227
617
2560
7911
4052
2202
420
6768
7390
2520
4222
5003
8770
5832
6834
6504
3354
5983
8859
7579
6131
4905
5945
5781
7218
9864
1475
5918
9725
380
1436
3588
3623
6497
5400
6144
3756
4006
1052
9577
6603
995
9531
8649
3153
4219
2268
5030
955
916
6508
8284
5603
2768
2812
2605
5942
4941
5918
5045
921
9900
2766
1352
7906
4720
9384
7371
2606
7254
5161
8207
829
4092
8287
5445
1642
7346
2597
7727
5980
428
2415
1789
5256
7260
9246
3073
9992
9522
2912
9985
9004
4320
1504
9345
9434
8765
2109
4835
6242
169
7797
868
5140
9493
5251
6081
6570
2816
4795
9141
3839
3431
2665
631
5291
735
7340
8995
1374
7189
5099
3100
6882
611
2275
5022
2571
6034
3317
1254
9023
8892
2690
3232
4796
6635
1263
7312
9239
3380
9543
4855
2575
4980
874
723
2384
6101
8160
4936
7140
8949
2821
4684
6997
3480
9064
6210
6554
4363
5976
6647
8302
5541
7976
2134
7607
7915
1212
1432
6166
1637
6821
9132
292
6318
9298
7528
4834
8168
6021
1478
5612
7027
5981
3235
2545
4507
7258
4488
7114
6204
3064
3669
9570
6824
7016
6606
5718
6359
5338
2240
9647
6706
223
7469
5761
7269
2408
350
297
8309
8104
204
6633
8760
4851
2280
7954
4124
6544
8041
1095
5347
2856
2717
3086
2040
1876
467
6423
5988
4521
1021
1445
599
7097
3135
8398
6038
453
4848
8015
6358
8206
7312
9963
9756
4549
897
5711
6100
8261
1022
9271
3135
1889
2505
6697
1395
1813
5969
3804
5210
4430
8602
6433
312
8048
7345
8553
9649
585
3394
1608
5590
4991
9895
3287
1735
594
9398
3404
2686
8325
1337
134
9684
1522
3875
6560
3462
9645
8893
4
2769
5142
5544
7745
127
1106
9709
9160
17
4240
744
8178
5012
8478
4633
8650
9327
227
3945
1550
855
5477
6317
6939
8444
7135
3494
9418
2386
4694
1612
2001
2191
8899
3730
5794
6016
9400
9131
9294
6356
6575
9329
4476
9973
3656
2990
1247
3231
7448
8614
3496
2230
7352
7585
1128
4324
5596
2714
6755
6904
817
8828
7641
4276
3195
6967
5586
8736
9731
8741
3373
1748
4953
6095
9594
7571
3007
8219
3079
511
4755
3658
1967
753
9010
4669
7339
7606
8783
2329
1182
4235
678
6273
106
5174
4033
912
2645
9452
1454
3171
790
8281
1763
3741
1327
892
3601
2782
8784
1027
6085
3350
5813
5217
4076
6970
9417
9883
8330
6018
4002
4331
930
8868
3169
7489
2631
1424
1079
5609
4520
5839
5088
8911
7960
412
4248
803
7470
8643
7736
4850
4907
293
3836
6435
5520
4557
6852
450
1596
4146
4564
8234
1914
1188
9517
2880
8503
9830
2100
8816
5132
8498
5018
7187
5830
9672
8217
3186
8042
6215
5511
2312
7185
3926
5696
4084
9272
3989
5747
9822
7074
2952
1387
8964
2549
3184
4979
4706
9080
9101
3281
9891
1966
3979
4267
5692
6466
4692
6525
8648
455
5585
1255
5084
1494
7073
5507
3133
8104
9272
3476
7403
1816
8366
5259
8676
2072
7999
2757
4493
4465
4263
5816
1612
1942
517
4591
6086
6962
614
878
8172
2535
6991
8756
8833
6046
6158
7270
3913
5748
1860
2409
8602
833
3775
7778
9713
9171
7437
728
246
5781
9841
3756
9472
8777
1464
7650
8734
1763
7242
2842
4486
5986
9338
9920
9061
5876
1088
824
4287
1642
5191
1474
1907
768
7020
3536
3698
3712
1244
1706
673
2509
4007
4707
7612
8152
6798
3347
1088
341
7718
2976
9571
4213
4234
7821
6283
7065
430
5996
6709
1048
8849
8215
9168
8876
1658
8772
3437
7303
7019
1834
8876
4309
6317
4017
4986
5604
5281
4403
3574
5201
4694
8180
8060
8529
4693
5027
5067
9657
7533
808
2759
1416
3242
6891
3705
3675
8728
1958
6285
4635
2124
9954
8214
5578
8910
9414
1743
5039
748
1812
9463
785
7143
7887
4750
2348
3090
5771
629
5886
1820
8134
9092
9491
2455
7488
6343
6305
2603
9887
2185
6296
6806
1484
5256
3258
8980
1673
3292
7125
7564
1128
9941
2931
5102
1804
1734
1444
915
7667
1479
3076
3632
6859
2210
2932
9554
9922
6271
7402
9899
4204
7879
1096
912
8290
7754
9031
6803
9553
8127
5822
7784
7139
5186
9775
3272
4755
2175
1100
8965
5846
7094
6348
1302
6217
5138
197
5534
8762
7528
360
1435
2316
3129
3522
5205
8261
9251
5585
5151
6156
4448
2502
1844
1769
5678
2893
9322
6894
3237
8302
725
8116
5156
5127
6641
5623
1095
5848
4967
900
1569
3812
9767
6627
6430
4857
4665
2455
4747
61
8515
9739
7221
3058
3086
1225
948
7016
1510
1159
5164
1793
4852
4743
8851
6632
4159
7343
6035
9521
5711
9024
1930
7082
3189
7073
8880
6361
7323
9542
5447
6322
6186
4742
1257
4472
4982
9034
4237
1467
2702
9227
2838
9990
4737
2100
5849
7542
9557
6477
8154
711
6143
669
9013
3995
5697
1336
7337
7331
3954
4765
444
8767
8473
9370
7237
2926
1563
2858
6334
1518
2697
4886
722
9160
7213
7218
4812
5129
7984
7271
6259
9789
8207
9091
2561
7680
1336
6660
5601
2615
6100
8391
877
1894
3035
8906
7985
6749
862
3922
5430
612
2351
7262
1065
8681
9432
874
1546
7011
9953
8366
3237
3000
4496
7336
4869
2851
4814
9167
6605
7274
5222
9397
4169
1240
3784
4169
9498
9167
5531
4414
5172
4555
7384
3689
6298
3284
4336
4608
9717
2690
1157
9848
144
7124
8488
8987
3017
1820
752
8994
7180
4614
9014
3831
3660
5012
4182
5864
3537
3435
5936
5329
9353
7970
2116
1232
8480
554
8570
5119
9087
8061
776
3856
7165
2236
525
4466
9440
8954
7188
4909
3569
6804
1044
2831
164
21
6921
3736
877
4091
2014
8504
9809
8877
5738
8870
5026
1199
6873
2072
7233
4036
926
105
1855
8726
3887
3621
7002
9788
6153
2346
8079
1870
9677
3957
3613
1392
9513
621
6044
837
7372
9215
6505
884
5619
5571
298
8785
7287
7029
8380
7770
2951
4575
929
5492
523
413
7398
4707
7835
4347
4437
8514
7134
124
4060
3896
8817
6619
4512
8140
3536
8672
5817
8516
6901
4343
648
2406
4607
4836
6798
5068
787
5199
3701
585
288
8140
5382
2431
9979
3541
7184
8634
866
7420
1583
558
2818
3415
4924
5671
5823
4103
4998
2990
644
4906
6168
8317
6627
388
6791
2388
5988
1410
9271
5183
2519
6258
1859
6330
6421
6464
4371
7169
344
5323
4992
3554
98
2392
4182
6282
5713
1213
9809
9335
7763
9102
3181
2343
2954
5866
1776
2531
3976
3099
5715
8043
6442
5104
6565
7062
4571
6227
3780
3652
7196
3503
123
2423
8236
9468
743
2126
288
9566
5299
8279
798
5824
1864
7673
9047
1660
1509
2049
5652
6633
8637
6959
7878
2625
6397
5490
9816
47
445
2913
7959
8247
2551
3367
2399
3068
1945
7527
6872
9156
773
5277
6420
4158
1980
7042
7686
698
888
9878
6530
829
2848
3681
1379
221
3407
7181
3069
4828
309
3654
4611
4309
6964
7994
3173
832
424
3349
445
7270
2979
5371
5985
1464
5608
6352
9184
7394
9883
3047
9480
1387
740
1442
277
7202
8004
9952
5238
1659
5379
4147
9782
8397
1573
9439
9316
350
8805
1072
9721
8397
8164
8823
2108
3881
9724
1511
4744
1342
6753
9766
4502
8389
7085
8865
5074
9102
1305
3620
8383
6476
6292
3926
7707
7898
6113
3183
683
6890
4342
5424
2387
5582
8920
2365
8235
2604
1307
5419
4586
9609
3345
1137
6230
2100
9090
9366
7254
7800
9103
267
1612
5124
1260
2954
5545
673
629
4236
1077
621
9922
97
3531
5763
879
1162
7340
5352
9865
6183
9613
3624
1671
8167
3916
773
4841
8814
1930
3189
1085
8570
9616
4618
8541
3796
2791
1812
1298
6795
8529
3538
7276
111
3126
7205
8505
3067
709
7573
2755
2359
2929
5676
7362
8
1913
5815
9318
710
5967
7782
5679
1300
9019
8959
4608
2068
5397
5882
863
6834
2443
4832
2187
5988
4088
6045
1114
4341
6223
8979
3484
197
7348
8945
6532
9810
6256
1371
285
8773
2132
9614
5855
4806
1327
1600
4970
1214
6944
4257
1536
9783
7747
2486
557
4693
5378
6172
6236
8185
5603
4005
6198
1012
8489
2045
7563
3879
743
6570
5230
4363
117
4232
9251
1186
5366
7406
7813
4739
2767
417
1597
3434
1382
7692
6412
6600
4296
5531
249
4164
9911
5981
8837
3320
3432
7288
8274
8327
7397
7810
6613
5853
9182
5165
564
7968
3565
5537
8827
946
7496
5128
1621
2880
4408
5922
4348
1893
3274
5203
9690
2514
4536
8435
7128
391
4280
8537
807
2728
2319
5665
6095
9039
8890
739
1556
1771
9035
2121
7843
2516
5637
2363
2065
8178
8881
1847
2908
4858
9857
8919
2953
3289
8104
6444
845
1197
9403
5783
1077
3288
4695
4780
1632
8015
8983
7585
5510
5316
6436
77
1675
8668
812
8559
4714
4717
4787
4881
23
4731
4704
2512
7381
1409
532
2067
7959
8942
8899
2579
8766
9046
5834
9521
1657
3350
3789
1778
7620
3837
9706
1765
808
3407
7216
9750
9046
8514
3617
6226
7843
6328
5186
4407
9779
399
8619
4036
9852
7925
6874
7126
6114
7245
7108
9792
2720
1160
9838
5639
8480
2365
6782
9739
7845
3916
6248
5107
1656
4076
1439
9193
627
6786
4810
1427
4283
9091
8752
3479
2204
5248
4986
1208
2754
9785
4976
5017
2707
7692
6516
503
7433
1822
6067
8463
4487
737
5917
8935
9460
1981
1387
3557
7265
8086
5421
1080
6191
8067
5466
6250
2052
166
8625
6154
4107
9168
8063
126
5272
1719
6488
2760
9781
3615
8084
2228
9532
1184
6752
7549
9123
4018
5037
8854
3428
9616
8646
6839
1435
6304
1527
2714
8281
905
5546
3570
3311
7982
1454
1891
2743
473
8107
6547
3596
5985
1304
2355
1683
7205
1295
1497
8390
4756
8630
4154
214
8833
7202
8788
9084
5835
1565
6211
3796
9945
9749
7021
1706
3796
2272
289
5853
3591
9992
9457
9559
4723
7739
9425
6114
5599
3674
7363
1114
3250
7170
4835
3662
3424
7100
482
622
2495
4268
8987
5127
9517
5924
1813
7635
7066
9925
8218
3884
1699
3967
3120
9839
3352
3585
9823
570
3037
1926
7618
8642
5425
5253
9083
4290
9214
5572
5509
9421
6999
8072
1219
6153
6211
1653
9523
1372
4359
3801
8545
7323
5489
7058
7948
3754
9260
3653
2400
9947
4876
7607
7202
6335
1932
2016
2318
262
8444
8719
6022
7741
9415
7618
6882
4158
520
5995
4965
1071
8863
4933
486
2862
6956
206
2828
25
2650
759
7032
2932
9657
6219
3373
1396
2421
2306
3826
5723
6299
7314
8043
6651
2418
9627
9966
893
3110
1140
7708
7075
3700
3845
9859
627
8342
2996
575
7106
3478
6441
8752
3047
3169
2211
7936
8244
6851
359
8261
114
1270
5776
8473
5657
9867
435
1945
6220
4419
3784
9553
1996
59
9407
1119
319
3388
2928
2344
5856
1356
2127
5973
8119
7677
8879
4000
1875
8917
3786
5191
9706
4774
1124
8431
9473
2884
3062
7664
4826
647
6170
1464
2979
870
7911
4408
5649
6536
3514
4300
2656
2203
1982
5869
9021
112
1106
2838
8953
7094
6793
5480
8342
5658
7359
58
8515
5096
1294
3605
6180
9729
4554
3894
7911
7180
7413
6200
5750
829
3284
9843
5882
9081
3354
275
5779
5933
5234
8303
3862
2081
5204
1206
9145
1145
8545
3156
2685
1578
662
8820
1196
8393
9542
5199
7740
67
9521
2516
7617
1835
9403
9198
7944
7135
2718
7289
3479
5835
8623
7480
2022
5644
8447
8075
6759
767
3470
8379
7412
3589
1121
9056
4664
1518
3493
7922
4573
3661
5759
27
862
2983
4702
5027
337
8709
5197
756
5891
8687
8695
7933
6921
46
1259
9427
1243
682
1470
317
1879
3974
4501
5906
9804
8924
9060
2711
8808
2105
5755
6166
4409
9277
1116
2822
4528
3244
4644
7021
3813
5502
8211
4830
5530
1104
6782
4386
531
485
3179
8203
4773
1610
8121
1305
7388
8866
6813
8525
7835
3192
9216
6985
5608
512
6203
6148
7707
3513
4386
5571
8928
1174
7918
2491
6285
3429
7906
4956
7548
5132
6922
1666
1445
6764
463
7465
4071
6686
3143
9894
5490
1586
67
9519
6578
7251
9186
6909
9929
2298
7981
2859
7425
754
1071
8093
5919
919
7518
2297
5291
1945
9468
1878
3427
7618
9008
3606
1116
6177
5146
1487
9809
9526
1360
5623
5563
5646
5805
4360
654
2650
9874
490
1732
4321
8115
7240
1101
3693
2387
8550
1791
5877
3622
5827
5988
4919
930
9515
5414
9861
9051
5727
53
7468
7496
9323
6138
2309
1009
8001
1271
4138
1508
3365
6669
2643
4764
8469
6431
6916
7907
5453
6821
8626
8430
8286
7939
782
1410
6058
170
1946
753
5044
6125
3172
505
3211
1856
2996
2271
1747
1898
8445
1696
9482
5016
733
4755
696
5107
2338
5830
3186
4168
7909
7762
9286
7793
8460
4491
2774
2459
5063
9005
1128
3937
1722
2040
7305
4672
3137
8911
1245
3135
6878
558
5355
5549
7736
9605
4843
3329
4149
4589
2201
60
8873
8285
198
9751
2631
1135
6313
7551
5168
2880
5578
4045
5714
1430
1031
3550
1225
5434
7267
175
3294
5713
9830
4811
2850
7731
6917
1477
7177
7020
2424
2392
4846
6198
4481
4280
1355
8450
1060
8395
611
9212
5479
5759
9767
3841
7360
8256
9803
2731
4952
4506
9099
2459
7146
6295
3428
7148
2302
5681
2566
6030
