5196
9112
6771
638
1783
2234
833
8962
3064
890
9035
327
7296
337
4996
8432
3625
3522
563
1341
2278
165
6245
5208
6120
7072
8322
3899
3603
7279
7402
9007
6159
8161
370
4954
383
2857
2432
116
6147
3857
7801
9163
3704
2763
6537
5228
185
768
7154
5377
9778
6598
5966
7746
4670
569
2163
8599
5413
4511
7398
4644
735
2541
6839
7565
8244
6516
1676
6832
7985
1376
3879
8679
3771
3379
4305
1208
1653
8709
1682
6649
6822
6010
5888
8765
5262
7262
3470
9908
6619
7352
7895
8878
7646
595
7471
9656
8772
5173
7226
7549
8054
5029
6433
7238
692
3277
4907
5574
2639
2821
7609
6834
1412
4557
4296
8222
4676
6965
5731
8574
8353
8694
1438
1589
1388
2828
1225
6886
3323
7876
1843
6677
6090
2590
1636
3224
5992
4194
2121
7345
6074
9146
5256
6410
283
2485
1540
483
7139
7599
2160
3175
7620
869
7736
5103
2792
4692
9527
5221
9819
3874
4802
5345
2875
3633
2211
5501
7568
9113
6203
919
8240
531
308
5210
5704
4959
3621
2826
1518
5730
4641
1696
5876
8657
2178
339
1894
2206
6609
6096
8613
3752
4796
3732
