165
3684
3643
4879
2651
1766
2989
828
132
2164
943
7357
6334
68
262
3687
1432
1781
1419
6813
6699
2856
9273
7211
2348
7661
8412
3843
3715
1986
1187
3922
572
9058
2433
1379
2162
8563
4269
389
1967
9203
8341
6455
3966
6402
2279
2148
7796
8928
9023
9521
3404
8241
1999
645
1280
824
5608
2191
4697
5980
8203
3811
8036
2020
8895
6831
7082
5395
5676
1164
3693
6194
7196
3084
5647
5399
9347
7391
4419
2873
3874
6518
9631
9886
1413
8723
5375
9509
1874
4469
219
5900
120
8357
890
790
7304
2666
6719
4042
8189
4920
5925
8810
5679
3466
7924
2998
2714
799
4004
5073
8947
3782
5610
2924
2479
9200
712
1322
6201
8775
744
3701
2763
4662
5767
653
3140
7987
7429
6614
327
5080
5133
2282
9827
2779
4563
2572
5378
55
2396
411
4040
8374
4237
5534
2073
4371
3136
7384
5303
8520
2634
4970
6619
239
1522
4218
3253
7596
1183
9411
8840
3758
3507
2251
8752
1678
1155
9382
3215
861
4748
9277
1692
2078
7667
9459
5181
6097
564
6679
4161
2830
395
7275
8180
1671
9685
3457
5104
6545
2196
6119
8032
6665
6233
8274
2595
1155
9259
6746
2000
6403
68
7833
6373
370
9940
8213
9961
3926
1585
7468
8513
8382
1508
592
6961
3322
2499
380
7778
2154
5543
4154
8284
9737
8421
6629
8993
5449
4357
4561
8210
5555
8476
4772
4633
8780
7832
7871
3300
7121
5052
4171
9475
5873
8537
2056
8761
194
1091
5030
5707
14
8507
8782
4909
2510
4828
9544
3922
9287
5636
6399
6266
7641
7771
979
9433
2923
7843
4951
92
5728
7874
3591
1481
7792
1737
8048
5602
714
7665
8592
6398
9958
6269
5395
8650
9351
4766
4151
1989
8136
7583
2930
1296
4869
6894
7746
7275
8298
5249
9708
3509
1459
5943
1568
3607
3756
5272
7525
5364
3338
7407
2035
1923
9903
5335
2243
2736
6773
6034
3837
3145
2675
7601
3612
9893
6249
1606
6768
3838
1466
2068
3791
5961
9296
9277
7496
5460
1670
689
3524
5431
6473
5833
1757
800
3895
931
8008
7558
7849
511
565
9302
73
8009
1061
8421
2008
1512
6160
2013
5694
3325
988
7925
4732
7687
2308
2144
6359
173
6706
6970
6029
136
4688
7399
8926
8636
4842
3709
2065
3854
3484
8853
9104
6558
8790
3911
3455
7922
9197
4045
8999
1046
6678
1840
9474
7851
3123
9088
1359
5
3901
7450
3030
8512
4446
8323
4659
366
249
5028
5951
4946
1426
2912
5310
102
4952
5211
8707
1107
36
7814
4955
4543
529
3704
291
74
7954
3884
6846
9483
286
4792
6867
4656
934
9536
7025
5271
1694
7600
8523
1195
1401
4857
6337
4064
8091
1638
2807
3837
6034
8100
5595
6216
768
9342
1155
9985
764
9185
7422
205
2643
5055
2731
1886
7279
1161
2920
8881
1877
4093
41
2790
4496
9771
8822
3309
2296
2610
2326
9476
6187
6834
9532
980
5457
5652
6015
9046
9731
521
5743
63
9728
1133
7282
2346
1201
7001
8006
2382
101
5305
6858
9411
8495
4104
3035
8711
6535
3620
3241
3313
7052
5372
6109
4820
1066
9651
7127
9296
1014
2230
1064
567
3154
5198
3911
4717
9252
4003
7391
9192
636
8530
9326
1403
6592
3650
9035
8867
9087
7828
4434
6842
1365
8943
6877
3244
7760
8456
7976
6197
8238
595
1512
7771
7118
8420
3037
6083
2699
4997
1457
3308
216
6585
2992
6473
2108
6279
1312
8330
4414
5104
7696
3868
7401
2739
5751
6886
3410
4369
4851
1619
6113
2332
1200
4282
1809
9854
3309
6955
9223
9704
1071
7078
774
5913
4958
4042
941
2925
919
1682
4186
4821
1335
3805
7605
5157
5573
5595
1915
9308
6916
6034
1132
5304
5104
1527
5982
9424
3894
2428
7627
9533
9204
6107
2042
7815
9569
9398
7178
8054
9178
5005
1489
1685
7552
7322
2576
5925
4381
9052
2882
1869
7287
3507
887
3824
9103
1648
2291
6437
5147
7360
4803
6894
8539
1838
7759
7821
5741
2572
9308
3523
1775
2051
6714
7219
5472
2705
4195
4646
33
9252
7143
5269
6265
1453
5605
3456
1244
1624
6926
6100
5393
8749
1199
649
37
9811
9312
8716
4744
40
4120
8945
289
4397
1096
8484
4033
4998
7542
8054
3350
6558
9282
3646
3683
3499
4584
6740
4194
9558
1064
8501
8957
5043
7022
8109
7141
5854
3556
9891
8900
5782
2134
2632
4198
8221
1505
8497
422
5532
831
5281
5499
1731
370
4668
7626
5066
2305
3293
3229
9090
8719
9004
1223
6924
1580
3062
4779
6046
5209
6942
1796
9908
4271
6396
2047
4970
3543
2016
8699
1898
2511
9304
2823
2157
3330
3552
7161
187
1007
5623
2161
5473
8356
2684
9755
1091
4676
5926
8719
7422
3868
4676
9403
1372
4489
7360
8502
8585
1932
9850
151
5369
5036
4975
9330
2135
9332
6668
2231
9977
6911
7247
1741
4560
865
3368
8450
665
1759
628
9223
9985
5220
1545
8355
5087
4558
5054
1478
6065
5138
636
5192
3640
7959
405
5272
8965
5124
8093
7021
2634
8060
7802
4457
2900
1376
8153
9209
4397
5167
2011
3772
8613
6797
8724
302
9761
8803
484
6293
7269
6647
4849
5024
825
5537
6126
8511
321
7927
3645
4259
8343
792
1359
1005
6486
9502
5643
2458
8853
7751
4278
2598
5531
9084
6534
1596
9887
4388
4490
1600
5727
7366
8897
2272
2360
3568
2181
5108
2223
5380
7157
4532
783
9834
2635
7286
3430
3226
196
2746
6038
9327
4920
7437
5219
5921
9686
6051
8706
3180
4621
1924
1761
1160
4839
6099
6867
9062
375
3126
9863
1878
8042
7122
3582
9454
8612
3474
7381
42
7148
9662
1756
9164
9928
1930
5965
8829
177
9768
9372
8819
9619
5318
2411
5453
792
4275
4538
6142
2188
7360
7731
9330
1090
8826
3916
2983
7342
3494
1013
6902
9041
4880
9186
1957
1155
7539
9831
6776
7884
2053
6537
2032
796
5187
2347
6889
3801
1312
2354
7570
7563
2908
7843
8959
9152
4667
7363
6002
8134
4209
1298
858
6363
5301
4310
7429
5491
5564
2293
5557
2317
7956
560
5880
8844
4709
5847
9462
9023
3674
9531
9147
6815
6822
7661
4397
6155
3152
2990
3846
1681
5601
484
641
180
4548
4741
7856
8470
4112
2114
8745
2134
4634
8558
2778
3987
4274
6013
3527
5727
8792
2012
3411
6648
7659
7887
8974
165
4815
9909
3921
7290
9879
3399
3029
4069
127
9893
1971
7861
9374
8539
1114
203
1615
4790
6284
6733
5387
6468
814
884
7575
7442
7079
3423
3043
2581
5108
4892
4592
4337
1194
3622
2953
2256
8893
7629
5996
8667
4248
2374
6912
7973
3151
8143
8320
9588
8443
3189
4052
7927
8191
6631
575
8664
8207
2471
9743
6105
1824
120
4234
9516
5239
6434
5861
3679
7434
32
1226
9127
1535
1650
5390
1043
2988
4611
2762
1538
651
9288
8072
1150
3772
3087
4511
6398
7873
9234
2685
923
532
885
7203
366
1758
5114
196
3271
5800
7247
8592
5313
4475
9693
8050
9800
6958
1892
6209
9522
2791
2981
4181
3275
7568
8396
5188
2947
7912
8632
9271
8465
3473
3055
4541
8658
3573
326
2057
9261
5552
1939
8519
4762
535
542
291
4064
866
6790
2983
8175
9537
7679
3718
5392
3480
5917
612
7541
7355
7936
450
3652
4245
9265
4146
2480
8896
1124
5089
3066
8365
173
4033
7003
6666
8377
2900
2364
605
7116
5238
7624
8144
6772
8847
1544
897
2580
9423
9788
8543
6016
1339
4600
9924
4449
2585
582
2908
2675
1714
4126
7877
1780
2098
133
8963
3582
941
1044
859
8789
7431
3201
980
688
8016
3749
3042
4695
3791
4700
883
9150
8631
675
5228
3116
3469
3658
3153
1830
7129
7267
1478
315
8403
813
754
9099
9903
9839
4173
3913
3798
5877
9584
9065
2559
2808
7850
856
8158
7456
7173
541
6567
7116
3175
8390
2785
2806
6341
6449
5318
147
6483
7273
5717
6972
1380
8645
8595
3536
8780
5998
5552
5365
6231
2037
1913
9939
1781
4577
9697
4578
7202
255
196
3631
1843
9451
8400
5669
8505
9938
1279
3139
7869
3284
6938
9363
6809
906
9894
32
8181
868
4890
7673
7597
2242
9776
5306
1368
8448
957
2344
491
6224
1095
9760
3675
95
7373
4927
3236
2676
2992
9999
8608
1543
3591
6601
863
7802
7981
5207
2515
8443
846
1720
4251
320
8657
7592
6653
5163
1332
2549
4134
660
5008
1627
3483
7848
3416
4882
1771
2879
2822
4538
4357
8048
5528
8245
226
2868
2742
5658
6489
8508
1985
9292
839
7875
5717
9743
5649
2654
9305
7935
1631
2663
7941
6859
7459
7303
9068
4685
42
8503
6532
8174
1012
720
4103
7992
9945
5721
7653
6051
3264
1259
9725
7514
8210
5090
4907
9431
3061
494
852
4887
2739
3664
3198
5764
6021
8804
707
6483
9965
3886
4820
8229
2984
2482
5337
2143
3014
6079
2709
5333
8546
2995
9090
170
2089
9202
6910
5960
7088
5091
2564
879
9269
7294
7458
1376
1226
5553
8722
939
3712
2156
1099
9979
6389
3908
3574
9995
4393
4802
2362
5560
2409
9236
758
2670
3349
8400
1709
9391
5882
232
6839
84
8337
4148
2153
6142
6570
1535
1599
2400
3889
8776
6547
7155
9925
7304
5880
9207
8303
5981
6320
1108
9688
1624
4854
7336
8149
1095
347
1389
2798
7229
2776
1853
7118
1833
6055
6900
8330
2921
5159
9526
6492
7657
9864
3727
4897
1599
4923
4193
5730
7575
6763
4343
1826
8851
1512
1535
4271
7278
7848
731
4623
8950
1714
7628
3622
2285
9500
3381
4091
9267
1816
2771
1461
4375
8726
3018
4040
5133
5532
5776
8853
2547
8796
6243
4333
4126
4411
9916
8858
2647
897
1373
5789
9053
5936
1614
2954
3488
1261
4451
1226
1136
9955
3617
5818
1466
6886
6038
7058
8875
8610
2299
5508
9358
9710
3612
2162
5159
1088
912
5437
8381
5146
7406
1518
9642
6467
6050
7460
2248
4307
1260
1322
8698
1897
6894
5227
453
733
7532
5352
8038
961
8332
3296
8827
1415
9801
2427
7796
9323
3810
2599
9010
9019
2170
7086
3580
8441
601
8002
9820
340
9933
7959
3853
1606
5989
2710
8481
8037
8324
7296
276
1053
2213
8345
5709
8124
5687
5409
5485
5436
3470
6521
4181
781
570
5758
3109
2836
671
4945
6519
9591
4977
9889
5552
2073
9838
5749
4268
2353
9084
7005
4561
5700
232
1611
1129
4647
39
547
9520
493
5429
5469
8905
3426
1493
9884
5559
2307
5331
6277
8767
3403
358
8577
4444
8328
9802
4802
7773
6675
4798
1012
5833
2885
8772
1217
6512
4023
3285
1246
994
5914
6504
2322
7374
7199
3454
6972
3256
9685
2058
4217
2210
3029
7036
9604
3026
9933
9365
2473
4249
6655
3061
5816
4289
4258
8140
9755
3224
7173
6533
1134
4287
2438
9494
9337
4713
7493
5473
374
9916
8830
8265
1111
9380
15
4157
5673
654
8818
379
9202
5730
944
4261
4074
7151
3518
7952
1608
2712
8319
2072
9701
5960
5507
4103
5709
153
9375
491
4280
8547
7057
4785
3776
418
8922
5110
4996
2773
6108
684
9858
250
9114
3320
2681
4058
8435
2233
617
8697
5232
8707
4492
9692
4000
5061
3030
4018
6532
504
5161
3379
3013
9546
4395
1006
1198
4058
8770
2270
6074
8576
8684
1570
6539
9128
3559
1287
4348
3677
6940
4542
5171
2716
1891
1109
5523
7464
354
4932
233
20
8753
5729
1241
8832
6021
290
4060
5303
3507
9489
9210
8115
7446
966
9929
4067
717
8199
7995
8230
8165
2018
3686
2230
3806
8648
4618
47
4701
5815
7231
9709
5129
3542
8394
2442
1810
3519
4177
4718
7620
954
4057
6289
1329
1739
256
7769
5836
3939
6564
5969
6612
6346
7823
6421
6021
5073
9432
3892
8563
5028
7673
9755
1276
6491
2152
