8993
8453
9730
9491
3921
1438
4871
1031
9683
9992
5407
7574
1122
9900
2830
6510
5358
4221
2847
5719
2220
2984
4730
7541
2033
3864
6790
314
6086
4379
2473
6559
3053
4231
9810
1914
5201
1599
669
4334
2609
2730
4597
395
859
700
2310
3845
2446
2917
9180
1921
6508
8504
6970
7885
9089
9070
1792
772
2283
7873
7208
15
9490
8487
8078
8691
7948
2258
5182
1812
3190
6504
9385
5352
1758
8568
3781
1510
4677
4745
622
6473
2373
7531
2854
6514
3025
5628
1557
13
3726
8092
4631
8307
6081
935
9095
5839
2705
4023
2941
9549
7760
8899
9640
80
130
9975
8768
7158
289
9303
9147
5121
4722
7961
4710
8425
6474
8027
5060
4593
9532
6223
2267
8325
5533
179
4272
7927
4435
8284
3073
5637
3967
6244
9498
7166
525
1118
6410
4196
1699
5072
1457
9964
4539
5600
6429
5566
8646
3918
1506
3367
2206
4118
5862
9725
8276
7882
7
633
8486
520
9333
6535
7733
873
6713
878
7652
6864
8913
2756
9264
8180
5762
8319
7620
5559
8601
9339
1559
20
9958
8876
808
6003
4863
8593
6086
1531
3529
8407
4946
8090
5789
7611
1060
6291
4515
4677
4702
1632
9486
3821
7684
7930
8738
8512
7254
6394
7856
3673
8209
6628
3861
7111
9097
9886
5940
9113
5740
1505
5774
9622
5719
784
252
5988
6007
5714
7763
2464
2526
6661
9216
1235
5189
8264
7467
3347
9497
9345
8748
6955
6483
4483
9373
5655
1086
5410
1541
8999
4172
1504
7778
6386
1903
1417
4387
5234
8796
5481
8560
5614
2442
2683
8353
4482
5976
668
7236
673
7198
1731
292
7489
5980
4670
4456
8289
6461
5725
6330
3855
8712
2987
4452
1379
6371
3870
8120
3203
300
5864
4410
9697
7889
3517
1045
9075
6488
1423
4869
1401
1567
1795
3008
3039
191
951
5346
9291
5516
9545
5680
6015
4694
7308
2592
3731
3069
5716
881
6773
1006
6810
9785
1113
651
1753
854
5117
3529
4801
5747
5779
9723
6784
7029
4212
5087
3031
2011
3543
5092
5506
7839
7177
430
525
7241
5344
8389
3784
4032
8714
5893
4439
1929
1162
506
3528
2697
2789
8379
2400
8799
8674
3289
9576
8318
747
3380
5265
8522
2190
7773
9679
9366
409
2061
8027
5080
3306
3132
8
4179
8872
9083
2913
6992
2608
5512
6734
5439
3479
8816
8436
5020
7847
3501
7992
6780
4791
8093
8305
792
6315
5711
7543
2437
6412
6856
9347
3181
9785
9710
7344
3374
7045
3079
530
5474
2425
2778
3612
1111
2509
8039
4618
1521
3718
2616
8902
2862
2503
5853
4487
2934
3898
2369
6221
9122
732
6371
2007
3316
8722
7540
6863
2256
948
4751
20
4442
900
6744
4992
3586
5980
1875
6729
5182
2811
4884
3760
6411
5607
2126
5082
299
4624
7940
2827
755
5380
3679
2175
2484
726
7602
1883
9711
5791
9191
2142
9769
9731
4529
520
6522
1053
3226
8648
1606
8017
5390
1068
8196
8085
4858
3212
6871
5803
4458
5734
4414
3762
2695
149
4891
2431
1242
2046
3449
4920
1276
4088
3391
8278
1655
3896
5734
1847
8524
4404
3976
2491
3351
3268
9821
9806
703
5822
8779
4763
7210
9337
2759
9340
8908
8019
2082
7926
1989
6721
2224
3418
4078
78
2159
1918
3877
9332
4177
7185
7002
2387
4934
8765
718
2792
865
7318
6893
6005
5304
8410
8793
8697
8394
754
6413
8318
3459
1383
6762
1486
6483
712
5517
6880
9606
559
2855
6356
7511
3557
522
6476
3597
219
5545
2241
8278
7169
2951
687
225
5380
237
8792
5111
2533
7462
4745
9860
2471
445
1360
8804
9113
1987
9795
2435
6919
1430
2540
3204
2251
8199
9671
3399
4417
2014
1185
4628
5433
5304
7310
4903
2982
2694
7650
7357
2394
6473
7169
3666
7027
1028
2443
4524
4088
3141
8598
2710
8010
2125
5409
8380
3099
6596
5059
9940
2886
5631
7215
1797
8078
5438
101
6707
2924
2480
1833
7201
1608
3583
7379
3449
3734
3221
4193
4702
2156
2737
5129
3790
5877
4434
1159
6146
8305
9411
4689
7616
8801
448
7241
9132
8220
2779
1342
9420
2194
2633
1747
7649
5460
336
6312
811
7199
1103
3765
719
1825
3380
1113
4660
5444
5840
270
903
32
802
5754
2733
2716
1004
8945
9400
2925
7137
6313
7280
6065
5368
176
1487
7442
435
6600
4620
8353
9588
7698
1407
6242
6435
2382
6977
3436
5639
1476
3824
4726
1918
8019
8145
9526
5550
3376
260
5794
6280
6536
1182
7681
9000
287
5196
3652
253
7935
7028
1643
9313
6035
9401
7161
4484
3038
7470
37
3259
3183
9545
8426
7828
5073
3418
3836
8232
9870
3514
2782
6903
615
2064
7021
4520
8276
3338
5146
3470
6020
3381
6778
777
6673
628
6117
6444
5122
9902
2531
5783
5609
4445
7319
7969
13
1658
8233
6839
425
3807
7578
5836
5252
6330
9808
9674
8461
3295
1403
126
8430
5679
9332
1193
7371
1848
3488
7258
6689
828
2952
3618
6384
9625
6245
3656
711
9462
5823
1392
3621
1658
5249
965
8105
9299
2916
611
4240
7148
2027
7939
3832
7975
4
1371
7044
4093
7570
7727
5726
9538
1958
8179
5041
6902
7447
6488
7759
2906
6313
6354
3607
6486
1237
2169
6190
8978
7638
3055
931
1721
75
1969
9421
8785
1720
3351
8473
9226
2153
3139
588
1953
8967
1548
1419
3479
8515
3480
8075
277
4457
744
7451
1236
5029
8720
1931
6768
8941
5927
7922
1271
8522
4041
3131
6017
1107
6823
586
9056
9479
860
7606
6650
9338
4300
2716
7121
6494
7736
2050
5128
6506
7366
3018
6236
8981
1056
8514
5737
9333
6785
556
4761
1487
1208
9428
7143
2735
6580
7766
4443
1706
8850
8665
1337
218
6282
5866
5521
3041
6965
1290
487
3984
6387
8510
5647
6041
9010
9361
3833
3610
1439
464
4414
4772
2218
2770
936
3714
6567
4727
8004
1036
1224
1967
5554
8064
8060
9146
9384
5120
7509
573
5858
6813
2042
9298
3727
5862
6940
1000
6439
4082
3378
2841
2056
8647
8840
6906
1380
2453
3706
8362
902
421
3074
7663
8617
744
9474
7162
5567
4394
803
6203
5917
6586
7147
8642
3925
6119
1473
3676
3444
8019
5804
6082
3194
797
6401
1798
8668
8281
4168
5399
2679
2466
8113
212
4027
5630
9110
8877
6250
725
2935
7976
9664
783
2079
6282
3586
6584
8666
4672
3347
6024
6929
5607
6829
8256
1876
8630
6128
6038
2965
11
6518
9787
6497
1510
9791
812
1141
1504
4052
6494
7809
483
9493
8879
6670
6633
1752
3580
8007
5160
8352
185
6518
6980
5598
1097
3033
7287
7332
1799
3281
1007
412
5609
4026
1749
7031
6016
8665
199
2427
9356
2112
6420
179
4082
1448
8750
9888
246
9654
9687
7452
3109
4318
7512
2545
2044
7191
1016
4060
1306
1871
1775
2920
4748
1718
128
5742
4107
2746
2850
4149
1026
1249
1805
8592
3488
3201
432
2669
3614
4694
6068
4651
182
2895
7378
1885
9627
6693
7009
220
2220
7542
794
3252
3462
1823
175
3631
983
4373
801
9638
3975
8825
9886
8782
5671
2457
4636
4065
4863
4387
5677
7448
2984
5938
8619
8177
3460
2317
9655
7593
2309
9076
6834
4
7769
6367
2544
2501
1810
4832
2973
4993
421
7299
9893
4625
2291
6478
2098
111
6603
5658
6747
1862
2420
3658
3763
7779
7129
4434
6695
8067
4308
5323
2063
2827
473
7823
1305
5925
4334
2798
9979
5059
3612
9208
7522
2738
4334
4718
4627
8714
5450
4083
7316
9431
3542
2076
5377
7961
3085
6674
5238
6718
6790
4164
5868
4206
8821
3390
6732
4771
5192
1964
8471
2964
6713
3841
480
5450
1144
707
4623
6706
5012
7514
313
421
4779
9640
3942
9738
5335
6366
8627
2513
3333
6704
5099
7258
5572
5518
9640
4365
9823
1900
7
564
942
4822
9402
5702
5796
6077
6807
2092
3451
9325
6332
6903
5717
6992
2841
718
2896
1069
486
3121
9706
9835
5471
3890
9407
4053
862
6798
508
8909
3676
9445
1624
5017
2076
7968
6473
7822
3171
7941
8629
9366
1436
6794
7123
5021
3198
2882
882
9120
459
5826
9040
9888
8576
9202
5535
5319
5348
8941
1585
3449
324
9370
387
3659
1141
4777
7580
9039
3833
7665
8775
3550
9921
5199
6822
8700
3941
9828
5969
3175
1510
3441
6501
8924
8586
7667
5061
9610
282
9618
644
5731
1706
8648
9576
3351
2737
3997
9845
6837
3049
506
8348
4936
4815
6075
5885
4001
603
9020
8141
7367
3292
219
7747
3367
5119
5939
6454
7785
5110
7356
7489
4647
2754
1937
9028
9057
7256
4063
5144
7665
8031
3615
6128
5081
7789
5029
6728
5790
9466
6933
1600
5519
258
7841
4791
6199
7543
3135
3926
1602
355
1274
6018
4995
9109
3575
112
8690
7897
8166
1670
4759
5740
2449
9133
3030
7711
156
2436
6711
5876
2394
5510
3092
5660
3922
2660
5050
9406
8795
7457
955
8595
1082
612
3559
2861
9870
7486
1316
3711
1437
6298
2946
2414
9992
7182
3441
9255
7974
9428
1700
1845
7281
9647
6390
745
3362
398
7909
589
4318
6998
5725
7039
5200
9741
5023
7231
3208
6452
4840
8089
3145
895
7349
8758
9602
7406
3574
7310
4078
5587
2496
8995
3834
8330
5184
6045
9627
8644
8993
5912
8317
6205
8086
876
8832
1008
3098
6486
563
7196
9032
6737
4065
2592
6783
5137
5535
940
2863
9357
1274
1152
4221
7666
6011
2247
3796
9714
7020
4259
7704
9881
2211
5688
7864
9773
4306
1796
1167
2030
2813
3653
4870
5843
5253
3689
370
7853
7258
6363
1637
3977
1907
5319
596
2617
9342
6046
4600
5698
3706
7481
4058
8702
4448
321
5216
751
1934
8207
4237
6532
7057
4414
1555
7209
9626
9427
6034
8515
1063
5656
6873
6874
9733
8292
2654
1214
5112
7077
2854
1027
6385
3964
4343
741
861
9425
4407
2787
2310
3471
4375
8310
9185
9201
326
5870
2725
7909
621
6328
3156
25
7522
8717
3601
4986
5329
7796
6941
5884
4614
2069
5048
9830
7075
8168
8000
8355
9989
9106
3337
5069
3580
9715
1327
3912
7523
4166
9644
78
6446
4671
4475
4824
1494
1247
6719
4760
2848
3651
3384
1689
8220
486
9146
8198
6757
4786
8271
6326
555
2294
6108
1106
2155
8889
3034
9913
4799
3656
5461
9128
3616
227
5771
9357
6811
8524
9451
5443
5308
7083
1204
4347
2363
6553
1789
2782
8107
7246
9570
5893
1503
6367
3918
10000
4539
3429
867
491
9265
5884
1081
7641
1874
1793
4503
2889
4139
4458
7881
9756
9
5595
7279
332
5745
8400
1805
2125
7967
3340
4995
5354
5232
3954
7401
8523
5853
5386
8140
8912
7825
6343
4780
1879
8980
7445
851
2674
3032
3758
9129
9798
7436
9685
6550
8859
5802
5825
2536
302
9697
4392
3321
763
1700
2559
5539
3985
635
1883
471
3580
7622
6295
2642
1367
2928
5202
2604
8345
456
2202
9068
7934
5262
1635
1222
8102
9022
4568
5967
5236
5370
3545
9832
3540
5203
8258
1480
3466
1503
8595
8060
6716
9757
4603
4188
7206
1615
8557
9565
8425
7990
3047
2938
9026
1777
4810
6633
9992
3428
9762
4850
8836
5764
3075
8640
142
872
3936
8014
1788
1627
9848
7895
6933
1275
1260
9687
5432
5191
1671
8426
6457
887
4209
5988
2769
6877
3069
6097
4899
6776
1641
2728
4103
7912
2377
3534
4881
5879
9620
1550
7069
4064
2498
9088
7599
8671
4964
6851
7669
4602
7459
474
8008
8286
1124
9173
8410
8751
4216
2218
8003
2918
1098
2952
5418
3973
3661
9339
9754
2292
4437
9299
5937
5579
839
1282
8448
8581
3239
9974
6414
5228
8589
3862
5923
1803
883
7758
5028
2007
7360
2394
2580
8804
7870
3087
3396
7711
7843
6276
2150
7584
327
1665
8938
9202
8889
4744
3628
3676
4500
1172
9627
6099
2155
1292
4602
5018
6167
1690
6877
5703
4384
3851
4678
9553
9983
1997
8924
7054
2239
3829
5138
4421
1175
164
2072
4138
5931
568
2149
1420
4004
6071
1864
3311
8954
7091
6098
9333
8975
2710
8401
5436
6574
8072
2527
4194
9309
6957
3089
3472
9948
5800
5522
3497
5471
6720
1217
8210
4431
5545
5569
6336
5813
6930
9242
3407
7021
6042
2305
8894
2444
9757
8910
6948
208
4770
3133
7127
1194
4543
12
1972
9617
3540
8680
8513
7452
8263
4187
3366
4115
5443
4718
5274
3560
7680
5106
6311
482
19
7883
5719
6047
4193
9919
59
4352
4884
282
9721
1525
586
8475
5458
194
7774
5846
1707
4111
3434
8050
2242
4475
8807
2752
3308
4448
7012
3963
2584
8972
1005
1307
8661
9738
2114
7651
5082
1306
233
3741
853
1434
8126
1333
3459
8033
5766
503
3144
7886
1840
2919
5800
7930
6659
7297
1052
2473
7522
2691
7812
6025
6008
6613
4051
5585
8994
8393
5417
7630
766
2367
79
2141
2372
4119
568
8239
6403
90
8963
5971
8175
9744
5159
438
6329
5417
165
4634
6395
8730
375
5902
6426
7809
8469
2216
3832
4771
8376
8086
6680
5148
5374
3358
6501
9447
3376
5080
2652
2932
3056
4859
6788
4112
4340
604
6768
1564
7374
3253
203
724
4751
5824
7461
5903
5485
3876
9186
2668
4412
9198
341
2517
7606
712
6379
3500
5156
3291
4125
7779
3777
9022
4191
2688
5727
9035
4210
7377
1708
6079
3984
1532
297
742
689
7380
1869
9580
8362
2050
97
7075
2464
2629
6089
4952
1725
7780
7492
6967
9545
4723
2621
4677
243
9489
9434
1986
7253
9477
2605
3876
5650
9479
2082
8866
9820
8743
9254
7054
7370
273
1161
8536
6958
9992
6425
776
106
6548
6044
532
6697
4792
9011
1584
894
2610
5826
547
7168
5040
1337
1490
150
1288
5744
9772
7743
2663
1595
6401
203
7995
3786
3502
4954
8537
9823
7090
7584
5680
1751
8545
6219
167
8101
9568
8344
9192
1530
3011
3677
7533
9766
8652
708
4473
6933
1500
7885
6941
6140
7011
3981
3874
4043
9295
9508
9112
6571
7792
4715
8808
7127
3469
7045
5259
3328
1933
7352
8503
4041
2571
6066
4540
1918
3028
2608
1156
985
5648
3915
3414
5524
3905
5177
3513
7756
5438
7770
9405
484
6715
5808
3080
2155
1312
477
2262
7078
9225
7982
5838
6531
3789
6534
9965
8351
286
3221
7144
1382
268
5891
2645
1817
1643
4642
7741
496
3713
1407
252
3240
4466
2208
1736
5526
385
907
3849
8
7245
9497
6190
6265
578
7326
4504
1290
1667
2112
9255
4868
1773
8386
962
7470
5878
2652
7797
7881
4421
5846
3959
3000
2757
1568
4789
5750
6798
8906
3140
4072
2932
9343
8327
7033
8525
5345
3532
5787
1574
9978
5877
9883
1639
5084
2704
4380
6981
6183
3979
3610
9952
6752
9186
5833
4192
5526
2327
4244
206
6547
7087
8206
9745
3838
9852
1295
7981
5436
9881
5481
7108
6464
7223
9139
1463
3157
1189
2632
8499
2382
7360
267
5610
4865
6660
9569
4709
4777
8970
7483
8709
1492
384
2161
7381
6000
5263
1836
1099
1808
7773
1926
3450
44
6510
6823
7456
8403
1008
8556
5193
4765
8605
1620
6584
602
5584
5077
6932
2101
7481
3592
1307
6560
5678
8833
4802
6501
2946
1495
8213
300
177
3841
7253
9235
711
4452
5857
7700
1317
1091
6329
5419
7428
4331
906
7780
6978
2816
6664
6716
1399
1842
2364
5210
1759
9147
9347
9656
278
4491
8528
5489
5776
1253
7458
3574
6907
5093
6466
8187
8599
2954
3285
8434
9854
7158
6939
2921
324
9337
9200
9077
9639
7279
1980
376
6476
9758
3997
4092
8211
2916
1757
2755
2374
2595
9480
8122
3851
5883
5702
2072
7173
6666
2649
2360
7525
1047
6828
9277
6752
1801
3901
6016
9001
7511
5810
9786
2167
2752
1252
581
2464
7271
1919
3544
3941
9720
154
3350
7587
6965
507
1573
7889
5233
9043
6683
4948
3654
9648
9714
5795
5379
1338
1145
7750
6942
1338
1623
5767
1887
544
394
8051
4229
7384
2003
2665
1826
8958
8807
5291
9446
9977
9472
4327
8304
2908
4881
1457
899
1176
4480
6027
6535
5177
3750
4036
5758
6291
2114
4425
9539
6498
9988
8428
5804
1017
9533
6382
3713
3387
5845
2510
7965
4256
7564
3326
8963
1794
734
650
9028
8375
1436
5048
4897
5172
8767
8505
6741
1910
7046
7894
9776
8405
121
8895
4996
4890
2127
679
2573
4043
7322
706
4149
1898
4746
7128
2910
228
410
418
5154
9071
5581
2216
4960
355
3593
1403
6212
7334
746
9619
8054
8846
7741
6062
4776
3511
5157
6045
3398
9434
1420
8681
4551
5644
7279
5124
3614
3364
5520
3079
5907
5710
8324
65
350
1972
1760
894
8622
8381
3548
8066
508
3934
8249
2250
506
6311
4594
9706
1809
8137
9283
5246
7949
6032
8414
5855
9097
3501
2060
7922
1312
4215
2193
3525
4530
1075
3192
3659
8145
2159
2604
9049
3375
6703
8717
1159
7422
9491
5145
5801
4784
2951
7517
6131
4615
5160
8119
6026
3108
5163
9854
2917
8087
3944
7992
5785
5185
5166
5716
420
9560
924
3476
7204
3361
2991
88
4688
1831
8798
2117
1847
1450
7772
441
380
9192
7245
7035
2640
8641
1089
278
8784
7391
4260
1444
7870
9300
2178
936
1765
4326
9534
8388
1957
142
8577
5734
8964
3116
9011
2407
3733
3591
1719
8202
5252
236
6966
3285
6802
8519
6569
9184
1771
1826
637
9200
5191
9601
3739
3198
4043
1515
8737
4118
335
3820
4656
8402
5951
3323
8517
857
2937
7199
9389
7929
6126
7405
9725
1775
968
8659
6386
8617
4326
6045
1339
5696
4050
7311
3951
2894
2667
3999
8160
9357
4192
3746
4351
1691
6090
6376
2624
6141
9999
2817
9722
4421
3822
6484
4302
9667
4975
4312
3807
5253
7991
7719
2938
4392
5803
8293
1212
7766
8021
6686
4614
3184
6864
4396
7412
7321
7008
5272
2684
7643
4251
3269
8184
8751
9916
8323
3504
7037
6408
7695
6684
204
9734
9071
5156
1205
6634
1377
7846
2560
9486
2125
9023
2063
9886
8451
9541
1718
3829
4402
7562
83
5544
4484
23
9771
8822
8500
9168
6652
8320
2595
2877
7411
2923
7210
885
5763
9936
5119
6205
5217
4375
9213
4337
2368
7501
7497
6728
4190
629
6536
3556
9096
617
2034
6330
9916
8516
6268
9427
6653
5331
6200
3361
2892
5849
4346
1323
5712
3651
1712
4023
1279
5939
1933
3029
3918
24
4734
6023
1440
8534
6239
8202
7215
4761
4355
4122
1784
5355
7584
4707
9402
5763
1031
5620
3498
8853
5923
3262
4973
2810
8386
1299
820
5953
4085
9790
4830
3482
1014
5093
2426
275
7728
296
2893
889
7881
1363
6705
518
6367
1568
688
8995
6476
9503
1676
8079
5049
1183
8383
6706
5115
7721
7677
899
8440
280
6218
698
8233
4705
4485
994
7027
6806
3088
6046
5871
9330
2984
111
4308
7647
954
6951
8969
6414
4000
6919
4384
4425
5988
3756
5352
2704
9750
4514
6353
547
4167
3301
5681
65
3650
7879
4802
3815
2387
3430
5500
3408
535
1565
6430
5115
8547
304
1460
3720
2315
7235
5688
7202
1898
8330
9059
1364
8856
4391
4400
3339
4746
1612
2970
8643
9143
4768
6021
8876
5725
9142
8507
4237
6456
6294
5769
5739
2588
633
3593
4360
6903
4427
4918
173
75
1787
6539
8753
1004
6555
1008
9553
6024
6137
3309
3872
6929
9617
5206
3127
5088
1235
241
3265
4491
4919
2827
9664
742
439
5295
1900
4303
9350
8558
425
2163
9522
4056
5394
724
3167
2274
9801
789
4165
3627
5083
7407
172
6103
3597
380
3877
6864
3825
3591
7428
2604
7376
4128
4604
5422
3595
531
7234
1471
6333
4290
5663
3780
5471
7348
5539
868
5400
5238
2518
8063
2423
6367
4609
9888
4283
4266
8203
3257
684
822
1447
3968
9279
6855
7002
3073
4951
5271
2107
4222
2555
460
7753
3669
7679
3928
407
959
2322
8349
164
8603
1776
2279
3324
2070
9659
8440
7444
3157
2779
4686
155
1534
1082
9166
2067
6799
7715
461
9378
8769
5877
4182
8394
3328
1387
4317
7309
2769
8793
6321
2
9808
5208
8538
525
99
5366
2679
6179
7403
1680
4923
4640
2492
218
8180
2878
6736
6769
2682
6260
3007
7820
7488
8342
1919
4599
6271
7586
9887
2768
9387
8521
4706
5666
5058
2705
2330
7725
3687
2328
3848
3419
2585
4988
1548
8178
659
424
6467
4052
5267
6731
1937
7250
4570
8770
7075
2536
8531
8373
8434
4809
7021
3450
1716
1317
5379
2539
1568
585
4155
6216
7531
3647
5867
4925
7922
4979
5505
3638
4140
4052
7094
2472
2241
9560
3571
1249
3325
9012
5842
266
564
2986
9950
7610
104
1309
2123
9908
8008
7101
3971
8119
5914
8583
9170
4491
1022
787
1828
5934
4561
7922
5717
1361
4039
5135
5156
7014
8999
404
2297
5816
7520
6166
4283
574
330
6920
2052
8895
5289
8050
7046
8029
8021
9432
2035
9692
4150
4331
4043
3171
3751
9619
7720
2108
497
7761
1169
1652
8749
898
2926
6526
3652
6076
6086
4813
1956
4592
7649
736
9440
6241
5191
879
3455
5315
977
6359
7872
2071
902
8342
5376
765
5136
2514
3667
2619
7644
6320
6906
3055
9148
6241
1652
9538
7084
2987
3272
374
197
7760
6383
2102
3130
3823
6316
5656
4864
1846
3934
8047
9284
5948
9169
6121
3114
4244
1323
40
1590
6638
8095
796
2775
6399
8004
1140
8553
3161
9769
1538
4405
4147
6934
8836
2901
4512
4491
143
3580
1109
3826
132
5549
1365
6881
4518
9994
7475
368
3605
2723
9936
713
2398
5617
5529
8699
7920
2212
2386
481
6016
5569
3972
2767
1343
9331
5028
3643
4339
5975
8287
1361
2570
4972
3691
9838
330
1609
1268
4513
5998
8991
2717
1807
3320
5047
1427
1429
4253
7473
1796
1160
7639
7583
2716
3503
365
6496
8294
3722
7252
5723
1845
3380
6310
2908
7953
2830
3632
5808
8323
5563
266
1307
1720
2485
3764
7373
8105
5026
8569
5505
2989
7788
2334
2215
6386
691
8993
2871
1745
3623
1554
9016
581
6288
9775
9435
6549
4482
4756
7008
3736
2850
6793
5878
4592
5906
7105
1737
9928
2443
2665
3319
738
5460
9850
550
9782
3495
5255
3185
4987
1458
9071
2152
4232
7730
5352
5390
8854
7073
3588
4523
4272
341
3002
884
3648
8366
8310
3134
7267
3567
286
5476
5729
6408
7052
4495
7893
9005
9037
216
1409
3994
1412
1699
1989
8458
6713
8932
3220
855
9421
8439
9012
4860
1460
10
5127
351
3175
8120
7037
9067
342
7724
1226
896
8371
4454
296
5685
6812
1578
2607
2739
3308
7219
8721
8665
8366
2356
618
95
471
4207
7048
8032
8407
7102
12
3631
4062
2395
5531
3138
1359
9387
5221
456
3769
622
6071
4008
7428
6860
692
5962
5247
7843
7346
7537
1296
6799
1967
862
3576
5066
2678
2987
4004
1766
4768
4971
7109
160
9524
4550
321
498
8394
4223
2051
3804
5292
4022
6875
8320
951
1216
4378
9994
8144
4350
6839
6610
9694
4609
3442
4252
7029
4704
8063
490
1657
9615
7550
7715
5786
9832
6361
3340
5231
4812
8115
7535
4918
9644
5095
2651
6520
7616
4597
6641
7852
9691
7321
5935
6438
9492
1459
1447
8165
1272
2249
3465
1914
7575
9165
2288
3937
6284
7480
542
665
8639
3115
9553
4615
2863
4549
9250
5586
1243
9425
7879
5611
6373
8610
3340
7510
2985
9768
3597
6240
4143
3123
6169
4510
5921
9111
2396
6098
8962
1094
8088
873
5938
4311
5954
1919
4399
4425
2737
9423
5990
2904
9217
582
4762
9004
4490
4876
9733
3569
1954
1373
5238
6618
8461
2419
1628
6046
2288
9528
7854
5454
96
4457
5452
9558
9535
6849
3323
5792
4080
2012
369
2942
5304
1220
4352
550
4244
1797
5305
4594
9466
4996
6808
1776
7656
616
7473
8775
2388
1558
4014
6913
5366
4589
412
7539
4595
3511
7697
3030
1089
3190
2889
9446
551
4039
6366
7785
9620
8592
5516
7359
1702
8969
7462
4034
2030
7505
1542
597
5251
2766
8036
7958
7209
855
2970
2564
7972
7560
5348
8365
4654
9144
858
1792
3280
8835
4452
2917
8255
294
9586
4580
4240
1173
8348
9538
4104
6116
5590
6673
4984
1768
6067
9918
7561
3148
7443
3441
9993
3079
1737
8240
6252
8808
8819
3334
2398
4858
9202
8433
5242
879
7973
6253
4713
3480
8877
9255
8316
5541
4256
2372
9886
9274
5640
4086
6925
1698
7812
1669
3994
9199
8427
1918
9707
6542
5605
7891
694
7285
4238
2857
6209
7136
4917
9110
6331
3413
3347
5555
5549
4724
8852
7378
3856
1093
975
9620
1559
2321
2561
297
6079
2429
8818
5610
4168
6028
5055
5721
335
5123
2587
1312
7948
5610
7193
3029
7299
3732
605
9062
4668
4758
1446
1637
3392
6755
917
2884
33
2205
9422
8937
5838
1616
5268
1897
8650
2599
8584
7038
9890
163
1552
6987
3345
5069
2181
1552
5291
3025
5228
2846
3924
4917
9191
9643
9054
1828
1867
7628
804
2790
7136
6436
1464
2946
9584
9681
9730
456
4442
210
444
6686
475
3896
8344
7679
7388
1710
2987
4572
1864
1372
5572
9975
3482
1491
687
2779
6275
7196
579
3382
8590
10
4605
4696
9108
2724
8502
2948
706
9317
9034
4936
7696
1505
8825
6701
4811
765
5677
5676
7496
4112
3524
9855
9701
9473
982
3375
5142
966
7756
5047
2168
7905
9061
4266
6341
6196
2077
6076
9023
1681
3735
408
7305
2772
5986
9962
2718
9867
5504
4256
2802
2979
9955
1583
4760
1936
8790
7226
9483
7299
6889
4861
3529
1239
3945
7606
4096
5928
9029
1301
4986
8629
1732
9490
5819
6992
9058
507
2917
6772
9122
8092
4735
2931
4332
9495
7265
1209
8670
643
5767
7277
6723
2239
3074
4681
4731
9398
4284
4742
4279
1564
7348
2627
7587
4110
6788
1733
7004
2727
8920
7454
1
8084
9119
9521
6327
1711
6268
3697
5989
9343
1035
6515
8723
2410
9705
1795
1990
4187
5535
3360
3440
8751
2097
3158
2020
4527
4125
9165
8398
2578
2442
3842
6070
2072
9349
2655
278
4559
9161
5921
5066
9859
1079
2442
5403
9940
9217
7221
9529
6822
1443
701
142
8538
7004
4168
177
4251
2718
9391
7967
8841
3109
9719
9789
8535
3099
5132
6388
5132
6746
1252
2744
5824
3739
1965
4009
9698
9696
7929
66
1572
4684
8605
566
1910
7050
7222
4462
4201
6673
3653
2174
3020
709
8145
4190
4447
9216
4787
7165
159
7032
3598
3268
1588
3802
2389
3330
2672
3217
3408
710
3596
4093
4263
3715
7836
1626
1848
554
6175
7168
6973
6940
9343
2516
5523
3558
1219
9089
7529
3494
5649
4980
6645
6714
9925
1299
8046
2730
6331
4286
1257
199
2759
3913
1699
5351
9961
5015
7853
9811
217
3668
8826
5384
7511
4675
4405
5747
2435
1063
5230
2749
4191
8064
4115
3742
261
2505
7054
2514
8844
1725
5083
351
8173
2597
779
8556
2609
4707
9479
8248
4091
5058
7221
5383
3115
5451
9555
7222
2784
3715
4756
327
5999
5202
6382
7228
3589
6807
929
9446
7141
8464
8567
1450
9608
4671
6155
1403
3483
2746
5229
189
8330
2465
2723
7921
9633
3694
3546
2092
6572
890
9607
9155
1703
5172
9382
7885
8743
746
2884
5273
2804
2061
9592
1115
3211
2339
174
9784
738
743
1566
1586
6404
135
2513
4447
5773
3736
4277
9037
3637
3385
4180
5608
9873
4615
6798
9415
9446
314
6671
8133
3793
5318
8875
4230
1522
8158
2344
7712
6615
7025
4676
5578
4463
8059
9778
5668
6567
9435
435
3786
7514
5561
759
1527
8866
977
5763
8744
129
8270
3235
9831
6852
538
8280
9457
1797
681
6279
7562
6989
7707
4105
6432
958
4201
5537
2753
2864
6252
8346
9311
3349
8225
5022
2325
8593
1963
2562
6439
2163
2231
4594
3349
4702
2278
4963
8056
7295
5665
7513
2831
2264
377
265
3865
1308
7078
6874
4841
6417
8516
4226
3170
2761
9032
9537
4137
8408
3097
857
4682
6575
8966
2296
8333
9774
6305
9784
2438
3098
5532
5205
131
44
7355
2093
3777
1544
7525
6102
19
4950
5505
1745
4930
241
7621
8286
1487
5108
1169
4636
9937
3311
4260
1650
4665
8478
5710
5906
5843
2977
4697
2984
9949
1604
4395
3987
3771
4468
5986
7284
4868
4875
9683
8988
2370
833
2990
9577
8150
9546
3262
8183
9808
8663
9099
2633
1468
2443
8896
5225
7299
2118
3462
9417
2151
3219
1457
5601
5758
2155
6153
7497
4028
581
117
1702
9040
1548
757
430
1976
8041
8716
1731
3956
8621
5917
1445
1030
7656
2076
3486
8594
4679
1942
4332
5111
6066
5272
2137
6056
3718
8832
6169
6989
15
1305
4637
7830
2323
5828
649
3055
1364
1993
4329
4124
8021
1673
9185
4895
6918
6544
6302
9320
9914
5061
5412
3561
1652
8244
1851
1457
4123
2801
1593
7027
559
1900
1150
9360
3706
6357
6011
3598
3433
5581
1081
1191
1054
6499
8865
4777
5543
9861
544
425
5663
8317
3047
5586
8980
5404
3330
2980
5344
4045
9842
3187
1254
4816
4626
3372
3488
1031
3703
5408
5797
2475
8318
6538
2098
4932
8395
4330
5286
9831
2372
8609
3399
1917
5344
2047
9485
1076
6489
3505
5160
9702
6420
7395
3525
2537
2316
2642
1527
2192
9598
4389
8305
2896
6665
6181
5192
4491
7922
6169
1650
1064
2259
5355
3866
4951
7673
1464
5245
6748
9664
8665
1967
6875
2675
3572
6545
4972
8400
5701
8034
4924
3637
1376
4061
8244
9972
7631
3317
1158
3620
8524
3449
8473
7786
9049
1133
4419
3137
8599
3735
4050
7984
1004
4715
7598
6530
848
444
6239
6412
1090
9262
1644
1030
9434
9820
1830
2629
2617
5273
5823
5429
5853
7038
495
6594
7457
8408
7898
5254
6063
8036
4373
1768
1678
5289
6962
6201
353
5795
5489
5176
4213
6131
3242
7847
916
4631
1954
7653
2162
9890
745
2638
3821
3491
3527
525
4537
8212
9504
3352
3930
2726
6183
983
9637
9450
6057
2861
8171
7258
5609
1302
5822
3096
2459
1584
5832
3495
5640
466
3610
8918
6435
3438
395
8673
1270
1754
4887
7280
3577
6454
5702
8869
8330
1910
5999
4782
6832
1700
5781
8766
8458
4590
7047
6883
9672
6887
5133
9136
7458
3974
5314
1601
4324
8507
8009
530
9830
2075
4163
8011
4612
8697
1176
752
3254
8673
4938
2908
279
19
2400
3234
2247
5523
1286
401
6039
3239
6749
2551
7316
6143
5744
5884
9782
580
8768
7258
4170
780
4644
7463
6534
2527
8935
5529
2792
1383
6461
8284
6584
1988
1509
1439
2300
9673
1496
5989
3233
2512
3155
2758
8957
8100
865
5955
8791
2991
8793
2917
9251
7128
7689
3290
2277
9864
2403
9213
6862
9578
8008
8176
6941
2224
2874
7514
6730
2748
6505
2755
3338
8063
9728
7937
2700
5367
2002
6962
6811
9685
422
9733
7830
7685
4756
5524
5417
7000
8289
7205
5689
6305
5898
3192
5550
699
6108
4375
568
4660
3263
9609
4510
596
8641
2750
5731
290
9958
4679
2188
1876
2077
4278
3440
6903
3399
964
1506
1136
9224
5746
7417
1612
1107
8010
9944
3280
7860
2621
434
911
6837
4283
9037
4956
1833
3397
5028
9959
9015
2913
146
9369
2603
5823
9445
750
120
3041
2205
7256
5947
6638
8045
7191
1101
6113
497
6708
8919
9088
6786
4682
1445
8613
7506
5213
5491
3131
3819
4185
3262
9362
4892
3841
6842
1056
5565
8979
8714
6251
600
6589
7872
9142
771
5180
2893
9272
7017
9102
5619
2637
3063
8904
256
5143
5997
9332
7038
7047
7225
1644
9036
6631
1066
4870
1806
563
945
7236
9106
3470
8639
2426
1483
590
1775
8734
6148
6022
7578
435
1790
3032
219
9854
3571
7612
9566
2569
6227
422
2625
2234
3841
8943
9286
5673
4301
3283
5544
1436
5469
3194
6645
4088
9922
6004
5387
701
776
7947
6436
9187
4105
2584
8151
7446
4143
8273
6395
8415
3844
4089
9913
8873
4710
2700
9360
1040
6864
9215
4255
6067
8771
3210
6760
2770
3797
5092
2434
193
6732
2665
6380
8416
5284
6976
5003
9608
4366
2269
2111
5794
4801
518
2035
8814
6248
4933
412
6752
7760
3781
8336
1827
2973
9430
5961
3533
3709
7733
5967
8229
2574
687
9841
2919
1055
2837
4819
4336
5393
6426
1695
5916
3110
1860
5319
4494
3728
9480
5759
5046
2182
3577
200
4458
4288
800
5161
4317
5105
9486
9409
1062
944
7292
8594
3745
9903
6260
8320
8692
4488
4366
3319
8671
5059
2060
7204
1676
1442
4875
7843
1867
9343
1731
4444
7656
7684
7834
4358
3837
1632
5269
874
1135
5165
5570
1325
2319
5720
1465
9891
983
8119
9828
8095
6137
139
5993
8206
1751
6720
2535
9763
2886
2451
226
6694
9737
2127
5741
2848
1324
8357
6415
5253
5762
3755
4304
8329
2049
1585
6207
1547
2548
9129
2996
9274
6386
3822
6293
379
452
4824
4129
5217
8447
872
6593
53
2903
9161
9663
9458
9324
4013
9578
9045
7770
1992
6682
3357
6172
9104
4491
6179
6268
2479
6424
5373
9392
4820
6849
2715
9072
5817
8146
9870
863
4853
9695
8220
7042
8453
6516
6440
1997
3067
2459
9818
6197
5918
3137
4630
5031
621
7298
8151
9715
6674
7990
5131
198
369
3412
4324
1283
8255
2674
4469
7993
9049
7034
1752
1936
6333
3280
535
9363
577
135
4896
8178
5445
8145
8858
2295
8120
4123
9815
4095
3653
212
6209
5972
627
7037
8546
6511
6330
8476
9779
7723
4208
6163
3642
823
5957
236
6431
7511
7207
6307
7850
6098
4380
2521
5919
3959
7130
3169
3841
113
7938
6951
2711
6084
4694
8501
923
285
4889
5219
2430
1108
2329
2780
7780
4748
1995
2330
1110
210
3814
5605
2476
9753
2758
1875
6168
2185
9864
5063
9622
7929
8251
1586
598
5237
7750
5737
9683
5873
9643
4733
7913
6563
6749
9676
6492
4254
181
6603
6161
1865
4560
3752
2599
8365
222
9389
4013
182
4420
9732
6029
7924
8237
4452
3177
907
5808
5458
9893
857
2966
8440
156
4149
8488
2968
4693
6317
5983
5057
8387
872
5367
7454
1500
1808
4085
9027
3275
3079
655
1873
3445
3470
7922
1395
1357
3101
7139
8253
5191
6609
8016
6524
2222
8306
4332
4805
62
4578
4109
7215
3165
1006
496
4631
6902
9414
5132
677
7612
1535
6497
2194
1160
9117
854
1642
2192
1610
8529
7499
8800
6187
9292
3992
4286
9170
7515
6593
4597
9496
887
6445
779
2305
283
6666
5239
9770
8336
5368
3934
9555
488
242
5997
2698
6094
6401
6899
2936
9714
4911
1335
5908
6730
1307
6598
865
9725
8544
8663
2908
1876
2332
5753
8283
8026
8750
3618
1928
3037
5897
6810
4603
2913
7530
7879
2684
1234
5206
9876
6190
6358
6197
6422
1292
2825
3314
7166
3233
4105
9259
311
2228
8573
8616
7076
5558
2146
5993
7056
3490
2076
3450
6278
4690
579
2823
6661
2323
1588
3107
5871
1310
2153
9641
2617
4750
8166
8192
5971
1927
7698
8017
9637
1859
5986
2886
5623
7897
328
5138
7182
4636
8143
5847
2004
1580
1968
6412
6528
1591
4080
6820
3589
4880
6380
5247
9957
1655
1249
564
4051
5793
609
8532
9607
3559
6698
4591
1652
7276
7737
9499
855
9371
7200
1656
3919
6696
6174
8288
771
9268
7594
557
8971
5815
5662
4458
9656
9320
8818
3654
7912
2469
4311
4884
5126
2360
8668
1191
9438
2766
3832
1782
6445
1291
2812
8633
3221
9429
9349
9028
3073
89
4562
7922
4302
6206
3926
3931
361
5844
6769
8246
4147
5154
3777
5372
6204
9803
2608
8075
7898
1100
4478
6127
5849
7385
921
4935
1755
166
3124
3947
2941
7939
9117
3656
210
7775
5684
3258
7627
7340
989
3700
6087
9203
115
1965
8016
9751
7421
2521
2471
9258
7545
1573
749
8878
622
1549
3951
3937
348
6777
9717
1430
7339
6924
2113
193
871
5537
6713
335
7305
809
1847
1798
8925
1068
8004
9409
528
3480
780
8631
6833
8286
1816
1398
4839
3673
923
802
5168
8386
5042
2384
6025
3553
505
7348
255
9461
7915
1012
8391
2469
896
5178
7460
5831
4869
1786
5929
2489
4391
6366
4729
7544
3609
3351
5070
6845
4484
8134
8388
566
4757
7310
4618
4958
2378
7781
3422
342
1136
753
6203
4452
4843
5473
7207
8041
9125
4163
7528
7677
6566
2975
918
6952
7227
4825
7223
2020
975
9442
583
6961
6529
5530
1498
957
2387
279
849
1113
3595
9244
1574
7778
3886
4129
513
8320
8563
8870
4698
6363
5627
7041
253
7557
9690
9647
1249
739
7964
8809
4025
8574
9496
5138
5935
8883
2016
4542
9029
190
4294
6667
6391
8293
4173
8771
851
7639
582
5064
5693
4001
8386
7932
4293
4979
4896
9271
3233
3487
9586
4737
7727
1232
7611
7297
8641
8638
3198
538
217
3961
1604
5665
230
4908
3523
2916
264
4074
4609
2192
2637
1950
4446
440
7719
6836
606
703
4110
1372
7174
1569
3846
2296
5344
8737
9039
4120
8302
2614
6478
659
9685
7126
6589
7563
3735
2179
8847
8157
6310
3113
4183
3334
9917
7745
6889
5610
5067
5890
909
6998
7189
8334
6960
7180
5697
7881
792
9974
6512
4977
9723
8554
9645
4356
9459
3810
1816
3320
9272
151
6876
9726
1617
7029
347
6268
6497
2069
3494
610
4548
8002
3706
9837
4255
8649
2423
4749
1441
9462
5718
9359
7614
5037
2895
1773
704
3341
9892
2653
6893
7101
6285
2984
9637
1593
7247
548
5193
6402
6937
1533
3655
5349
3809
8207
6052
7254
5114
5250
1711
418
5657
1252
1186
9886
8666
3864
8911
7712
8020
5275
3697
1322
5575
1855
3676
6808
1628
9124
8701
3789
50
2442
4512
1244
5518
7189
2192
3438
1665
7795
4269
4050
6489
3056
4366
4041
9503
2050
9084
4193
5558
4626
9156
254
7700
542
4775
6317
6771
4898
8628
4932
9639
990
3450
8020
1798
1899
8623
3514
7196
9420
496
2669
6930
5025
3776
3180
9310
3146
1583
4725
4282
3805
469
3095
3931
87
7408
6827
7347
588
8419
490
2650
510
3257
9235
4301
218
3442
923
9492
8649
843
3542
2319
5558
5849
4042
9079
7287
8355
1433
1210
864
3022
3484
7663
5693
5485
8894
9718
4442
329
4945
8425
1286
3029
7420
3525
496
9680
2054
2989
6155
7292
7385
1567
3066
9865
1634
7908
1737
1884
3361
9640
796
1570
7457
1119
6566
1569
1776
9637
7846
9240
4250
9790
1840
2938
6423
297
6225
7212
1301
6563
5957
1245
2653
1166
9398
4877
2201
6855
484
8059
1173
7345
7272
6508
5238
4887
5574
1691
3413
5610
7248
406
4504
1755
4629
1445
1659
1153
2751
4098
6139
7870
9520
8380
2530
6216
5166
6969
5891
9814
6380
1040
1348
9742
5537
9165
2175
3307
778
9898
3130
9979
2325
1844
7346
5264
5467
8239
4527
7678
1508
8903
2777
4958
5718
5209
161
8742
7377
1636
7842
6006
9652
9774
5220
8920
6299
3538
9403
3508
1139
1689
6648
7678
6476
8601
985
6028
819
7279
1192
4575
7187
4799
5940
3070
4775
3433
7125
1063
9841
1291
4130
5511
1250
7003
6744
5108
4614
6743
4371
6090
5247
9993
1717
995
1527
5369
5165
9262
7675
9678
7311
166
124
8014
8413
5063
1015
944
3079
7088
788
6142
8388
890
9095
276
1537
5039
7122
668
2678
4927
5386
333
8999
4057
1185
6615
9443
6958
5950
8258
701
295
6732
5004
8621
2641
6267
1307
1127
6336
5431
7016
4009
954
752
3509
397
2058
4645
5482
4765
6245
9363
2050
5729
4854
1765
4863
5354
2868
3350
1280
6058
2530
4123
1168
4428
6916
6495
1296
5028
2989
7455
11
9654
3063
1565
392
9342
1865
3166
9941
9154
2517
3175
1018
8312
8751
3764
2538
8067
8312
4559
7139
4987
526
2750
1863
3635
4284
6328
4820
1124
4340
9511
3016
5864
585
5543
663
3950
813
3861
8848
9282
6045
562
5347
2399
7643
6805
5980
6883
671
2863
2280
532
2522
8014
3833
9595
5260
5331
5456
481
8618
270
4061
1940
5779
3093
1421
8576
4731
8961
9400
1129
8878
7358
6617
2260
9135
7643
9851
7000
3675
7482
8414
7007
7812
8889
3457
7501
3189
5312
7108
8381
4454
6197
9950
8473
6679
5849
9169
2790
5476
5713
5783
9072
8001
5205
1659
8266
6823
4045
8908
8523
7861
2562
3608
1092
4391
1449
1498
5889
4274
5414
5981
986
8159
1633
6647
2795
1603
6593
1224
9862
9058
1330
5109
4461
3502
5179
9385
6572
9465
2572
9766
4477
9098
9205
3986
8790
8884
3808
9672
3360
7502
8403
2456
2618
5386
7997
5889
1524
1601
9790
6507
6615
251
2533
9957
2459
4378
8342
1501
4297
7663
4501
1035
8907
1864
9480
6014
4948
4952
1845
9433
1086
9485
8269
9268
417
5511
2021
1230
4178
6275
5760
8509
9829
8038
3294
4518
7938
8644
1997
5989
2672
9060
7654
102
3247
9780
2111
8728
582
1482
3161
1743
8515
2424
4228
8799
6424
4570
7259
1806
2569
1243
645
4468
7821
8337
9976
5513
1685
7857
7042
1260
8421
4414
3791
6527
6265
2220
4901
4251
686
9254
6258
4095
564
7527
7164
603
6804
4462
5527
9398
5313
3503
8958
2226
141
7435
6573
8084
1129
4881
5012
7173
4020
8975
237
4883
8914
7437
8061
5319
2136
3956
9940
3852
3908
8181
480
7384
6446
2852
9444
225
2441
4590
5237
753
6564
2633
9686
5017
6670
3006
8986
503
8393
1082
2576
9798
7480
7365
8856
425
5903
916
3378
7499
1839
7869
8106
8223
662
59
1789
2679
6862
42
5778
2942
9077
5754
9854
7503
5580
4258
6371
9996
7302
9417
6096
3956
2469
5672
9177
1219
3389
7526
7546
225
9640
9889
5617
9363
3545
8998
1428
91
7161
3821
5828
7286
6144
4012
4987
3756
6641
1096
8333
1668
432
3056
393
8213
9740
2298
5360
7090
9263
5769
8373
7953
845
4734
6230
8186
6628
5057
3350
7248
9031
9779
9166
2104
6200
286
1776
166
4215
6979
1166
2537
4749
3836
5329
4008
8035
1667
5809
5169
4584
4541
77
4081
1535
697
2265
6764
7580
3132
2904
1624
6443
2614
9576
2833
3056
2066
9664
6508
6747
5990
8457
8893
9926
6869
4194
312
4615
6673
5568
3963
7241
3909
5478
2557
7576
7238
1904
6862
7383
8228
7052
2591
117
562
109
7982
6501
1574
1880
9735
8522
829
7450
390
1502
8529
2608
3629
9823
9536
3823
6074
5084
475
4475
8911
8591
4355
563
5424
8034
2453
9878
3887
1268
3
7612
9588
4753
3260
9370
7574
8368
9267
1643
2179
1877
5377
3091
1904
8659
8385
5022
2193
1845
5826
2999
6086
9102
726
2053
5472
4018
9685
9376
5512
113
6574
8099
6225
3115
5955
7227
3756
8589
3056
4983
1188
1417
347
164
4868
5307
7642
319
5230
3486
6104
7092
8890
2850
440
4909
3362
5320
3711
639
3455
247
2970
1037
3144
8664
1446
8445
6307
5776
4308
323
5105
6014
1504
131
2274
6107
67
5320
3476
8794
1557
1918
7958
8477
4647
972
4068
650
384
5278
1055
7774
6830
9004
5275
4259
1957
6108
3839
2250
3379
4437
9668
5119
8810
417
9970
3243
6052
1275
2829
5599
3520
5233
2536
2327
3858
3863
970
1566
1277
6846
5377
7985
1920
8983
898
1768
8709
9882
3734
2048
4722
3573
8180
384
8103
4817
5616
4156
9737
3332
7977
3115
3355
1447
8233
5674
3860
5149
7016
5096
8116
2670
91
984
9881
3006
2036
8921
199
7429
4948
7667
9080
1701
2901
4059
862
3305
2713
2187
5338
4079
3903
6351
8132
8817
8559
3527
6363
9479
6248
8279
180
4677
808
7478
3315
2134
9762
3970
4376
6975
8861
6082
9783
6826
568
8548
2796
2170
7438
4513
3190
9843
3823
7137
885
5008
4312
3208
1637
4854
6131
277
1274
7695
7449
8860
1505
1150
934
1989
2940
9809
9069
53
9390
7172
8651
3178
5742
291
8185
3403
1913
142
4474
9058
4670
302
3571
69
1722
5646
2073
9801
4556
9554
2162
9809
5443
6921
9509
5627
9640
6959
2753
1784
4659
1889
274
6340
6260
355
1715
1025
8337
5141
6417
6011
786
7820
8889
3927
4697
7604
898
7141
9134
940
6529
923
327
1942
7748
7883
600
4640
1587
1235
8134
5889
156
1459
9860
939
1241
8187
7129
4727
3397
4075
2580
2283
5824
779
2239
4084
7909
5739
3178
6241
8566
8098
6491
6354
5711
9732
5321
9213
6049
9435
6179
9788
903
3580
4911
2033
5752
2091
3566
9436
8997
2487
6022
9611
3374
1790
7833
3052
1023
6117
9906
5171
3365
660
6512
7615
7893
2771
6688
8600
7614
3668
8973
2187
2432
9934
1690
3277
7293
8527
2221
9525
4789
2765
2145
1645
7148
8213
5100
4401
1737
8381
2962
2584
2885
8865
3424
4296
4665
2123
6278
6212
6989
374
1029
8806
4173
9421
7623
4002
3487
1736
4446
6514
7884
2786
9203
7947
2986
3371
9587
9151
1013
2562
5154
5343
4961
4910
8404
3276
7659
6024
2510
3727
5184
8970
7585
200
9920
7296
9675
962
4703
6362
4905
5000
676
7603
1450
7883
3160
9736
5961
2930
3211
8819
688
2322
8913
5397
2184
7411
4326
4421
4495
9882
2718
8791
5236
6264
9303
9206
696
9146
9519
6391
5586
2147
2628
2223
8998
830
1320
7466
7602
5749
1933
54
9093
1759
8412
9325
7538
6594
6087
5970
815
375
7625
8305
7991
1752
2887
4284
5646
1016
5006
4786
6471
6208
6797
246
3629
8062
2567
2817
7744
7248
2619
7891
3084
5298
3376
6985
9861
5818
7696
3782
8461
9991
8457
7609
3398
4232
6078
5547
7322
9399
5546
3167
7904
5176
5264
9729
4628
9956
7436
7240
5005
4329
1152
5988
1099
9400
1772
2337
1539
3372
8592
7819
1268
776
8569
5848
2472
5255
8411
4980
6606
3216
6136
1973
8673
9284
372
1721
6534
5605
5609
7580
9101
3896
1193
5492
3383
4406
2287
8546
1330
3330
6941
5460
6678
3672
3943
6026
940
7952
1009
1239
1302
7611
6159
6369
4165
8715
2657
3948
7151
5888
2996
621
4319
6708
3134
6507
221
2286
9708
6941
7547
1544
2502
9538
9317
9036
9804
5226
3643
2185
3764
8089
7181
7641
872
7802
1387
9482
6144
8505
6289
9620
7881
4015
3121
3233
178
3031
7549
877
2421
8086
8052
5413
3385
6847
8162
1542
525
7822
330
9232
1432
4948
6057
7887
7304
3931
3267
558
2632
1744
1509
550
1443
4655
818
1952
4010
1957
5227
3019
9432
4064
7681
4287
221
4385
6888
7485
3711
8642
4978
7868
4610
2219
7230
8234
4014
9398
7185
8409
4686
2680
2698
2092
5948
4814
930
3702
5809
8261
3780
1932
2925
8455
5247
9367
9172
6589
8209
9303
4212
4986
4952
2731
8158
2649
3963
3980
4203
6923
8799
9360
6155
6750
4053
7216
4060
2674
5936
208
2650
3199
7590
9236
7343
3921
204
45
5862
4953
7063
842
1138
2168
3641
5089
7857
7480
7029
4209
3479
5651
6783
3543
6156
73
7960
9234
8452
661
8465
5315
4593
8378
1741
4290
1817
3592
6261
1641
47
5473
1883
247
4264
218
5902
6724
3654
5270
6670
1108
365
8210
9685
8461
7746
3911
8639
1467
2858
2018
386
5804
1056
3283
5140
9121
2085
1797
