2794
1115
1494
948
1842
8366
9785
656
6118
1725
6007
632
6807
2626
6118
46
9619
3839
3245
7521
6331
463
6089
8383
1215
6147
6176
1206
7571
3303
3855
7158
7062
6995
3761
6985
4186
5770
6514
6517
293
6826
8357
9572
2559
5420
3772
9121
9286
7820
1612
9949
3696
229
4604
3660
6019
3585
9563
1029
4915
4192
6098
8204
1577
9740
470
8358
8506
7983
7621
3152
8051
1196
8699
2888
4689
8872
695
5270
2965
52
9121
5869
2521
5217
8741
7484
4401
6365
8144
5435
3327
2966
2296
5542
6443
1090
8360
506
6147
4489
9199
5635
3831
4023
3297
6786
8882
9216
2048
4143
4455
6261
2049
4872
2445
292
7446
8558
9430
4093
1535
5886
8634
587
4303
7445
7442
2178
9648
5354
4143
5674
6319
3724
5637
9656
6354
2913
7892
9462
8884
7797
5287
7901
6926
4378
6282
3145
4489
6680
8121
9431
369
8378
4109
180
1146
3480
4277
4106
9854
3546
900
6664
6788
6159
7960
4978
4185
3077
682
611
55
826
4276
3550
5050
9604
4283
4817
8344
6319
5528
7312
9081
7946
2831
6350
3657
4433
5541
437
7265
2298
8789
5146
8095
5984
1626
8083
5627
9463
9257
174
1146
9275
5575
4299
6422
5921
8063
9331
5343
8546
8547
3910
4768
6161
3747
4054
3143
5075
5609
6451
36
6883
9691
7454
4301
5952
3975
1592
3018
7791
3815
6152
7018
5727
9240
3418
6012
2302
6139
2898
7656
9414
4952
6152
1986
5340
469
9905
8127
9901
6031
4592
4477
9178
9722
3086
173
773
1187
375
8245
123
1109
3889
7698
9700
2053
638
4873
5785
34
7063
8374
5786
6342
2142
5199
644
5987
7933
8823
1493
7677
8855
8194
8631
3475
9680
3256
3916
7841
8165
6602
7052
7854
6973
2863
1328
6990
2841
1558
9874
3315
1953
4727
8486
3753
1941
2119
3527
8516
6152
7765
7991
1571
8475
4497
5466
827
2410
3660
8017
6024
8963
5674
912
7584
9075
2982
2392
692
7620
1258
6250
4241
4555
6253
8357
7621
7697
9373
9941
8911
5665
8198
3676
8256
2646
8613
2332
9506
3540
3321
7434
3240
2943
6485
7564
4274
8572
5859
5553
269
3374
2604
77
1777
4590
9488
4888
7338
879
1204
9190
4156
1292
1250
5639
2807
5087
5080
4524
4588
6970
7254
9878
4643
6134
5428
6964
2838
1007
7543
726
6205
4097
6669
132
964
4836
4692
8141
2227
9714
135
8218
8703
6863
9747
4437
2982
1105
4274
989
1781
9665
2335
4162
980
4866
2898
7341
5318
2833
158
9259
4685
6441
8493
8469
3578
8363
7013
5162
8124
7206
7463
3432
2725
6481
4639
6298
8389
9896
5498
889
7028
2706
7732
8034
8752
8042
238
3837
3373
773
1589
4104
9301
6558
3163
336
4522
8428
6795
5031
9711
8447
4299
2707
9515
345
9174
5756
9662
9623
2599
4396
9825
3461
5158
9536
4141
8639
5512
830
4917
9018
4355
3758
2254
1920
5828
663
