7660
6522
9920
9392
5253
7709
6590
8386
3715
1010
3559
2396
8459
5348
4327
331
8179
1874
7837
7962
1113
7929
5740
5647
146
3952
9929
5962
9795
1298
1118
4114
6679
6762
2292
4820
6081
9034
6630
925
8919
1364
889
4101
5490
1028
7133
2688
8865
3550
5113
8873
9597
2749
8846
5648
5520
7477
3321
1530
7125
1622
2203
6164
5201
2165
3887
9246
3275
4327
746
1283
1226
263
5171
6661
366
6517
8413
8086
5046
652
4377
3873
3614
5755
4803
3804
6270
7396
6140
450
9661
5231
5883
193
6272
7670
3448
4658
