369
3988
2571
3836
5991
7644
5799
1770
7251
2420
5625
2198
8597
4182
3551
8094
7415
7199
2589
5736
4811
8214
1464
1523
2080
2862
6170
5364
2085
3300
3883
7695
1635
4220
4977
3499
7751
2403
6091
5786
6902
3861
9255
8275
5644
5724
9470
9541
5001
9934
8329
4772
4637
3671
2808
9688
6214
2570
1172
1192
3083
8027
586
3516
4484
1157
6996
3754
2290
5064
186
6878
1661
6506
6311
697
4872
9538
3761
8440
4291
557
5836
9702
1540
9852
573
8140
3645
2835
8722
4131
5454
6189
2761
1018
6324
8897
5442
8035
1276
4796
6984
9173
3915
428
7158
6596
8521
5160
4685
7843
4040
1838
9595
9333
1897
9046
3238
1571
6292
9671
7812
3888
1649
6362
1272
2008
9185
1338
7808
7295
9088
4556
7582
5701
7218
4572
2277
430
2285
2569
3413
9755
381
3249
9955
1820
6352
9784
736
703
286
259
2862
8960
7038
3283
9606
8952
7247
2700
1798
4877
4300
8489
2054
1092
9407
3918
7391
3545
6065
482
7423
3745
1806
7638
3331
307
335
5288
6608
3756
3338
3156
2496
2242
5774
532
5408
2084
6572
5455
8811
8036
8925
9802
6156
8504
7795
1073
72
6190
6118
2413
3851
939
1923
8453
555
7114
7280
8192
1892
8284
583
6294
5317
1598
5081
5540
5428
105
5110
6352
3380
564
1981
4302
748
4632
1847
8109
1558
1939
9679
5360
1677
9142
3842
5766
4460
9865
4703
1531
1105
6481
6289
8377
7685
3105
7608
7235
7211
2468
6584
1524
7844
4357
5679
7950
6115
6562
8254
7521
9937
6663
1293
7518
270
6876
6219
4295
5164
3729
6033
8941
4083
8699
7249
7879
5434
8943
13
3301
8420
8518
2954
821
306
3386
1692
7493
5012
1228
4064
8056
6182
7977
9076
1028
3111
470
555
2694
2053
2562
7081
2079
1370
2379
5158
7306
6574
2935
1821
8763
4123
7737
3290
9910
9718
1418
2500
2796
4134
92
272
2684
7809
4064
9517
6052
3656
5749
9736
9565
5033
3494
4231
437
2385
8840
5702
8546
1744
2036
7224
6023
6385
1175
5598
9263
4328
2707
1726
846
8338
4268
4046
2601
788
4563
1719
471
6014
8628
2603
6300
251
8300
5159
4534
1237
768
8377
4767
6807
1648
17
1174
4490
3628
4155
5053
985
3466
6029
2325
7818
5804
7200
7148
3946
3257
8191
4668
5211
7702
2902
3875
7423
6911
27
2735
2023
7581
4304
3096
2578
6914
3264
9285
2899
6232
7823
5229
5954
3907
5052
2894
2313
8770
6279
8281
7774
4999
9110
2103
6616
964
2450
4246
8037
84
244
3108
8114
2825
250
5231
4945
7360
7182
1273
3662
2063
4506
6276
675
7506
5301
2568
3207
8061
8929
2169
9946
8594
7012
4420
3704
8067
6640
8681
6153
7438
9131
1750
239
8856
7143
7674
4598
965
4315
7419
6629
5921
8316
108
7290
7300
2455
4266
7732
4181
5295
9348
2104
3176
1728
563
3884
3941
5627
5199
4981
468
2011
6208
2203
9401
7466
6822
1557
7872
8815
7722
3614
8003
2152
4878
5546
3470
8677
1350
7448
38
657
9373
1857
1837
60
5834
106
156
1607
7702
5748
6820
1820
5679
1138
2298
7812
3780
3329
1600
909
2234
9002
5346
7670
8165
3511
1517
7783
2392
6146
8628
3703
635
5373
8161
2991
308
7197
8754
234
7522
8812
9361
3586
364
4384
4416
6049
2619
3741
606
9912
1792
7326
7620
4329
6927
8697
8935
7833
9992
1201
2903
134
1859
8640
9097
2424
9819
4169
8013
3482
4796
4496
9291
8609
5274
117
2600
4680
3164
3966
7984
9055
3988
151
8569
6121
3639
2441
3520
2074
387
4234
3791
1809
2030
3009
7774
6657
4071
1173
7098
5506
1810
2241
6729
5675
6102
5644
4346
613
4041
492
9632
6419
2299
8537
1516
9998
4025
9831
6883
8560
6822
7957
5391
8751
7626
534
3732
6247
1053
5853
7282
3454
2832
6989
3254
4173
4391
2367
645
5395
5556
1645
3660
7666
1436
2738
7220
9920
6622
4119
4324
8546
9860
2662
1133
6443
8738
5868
2102
8841
9297
9887
8113
4163
9744
4028
9060
6673
3385
8130
5057
666
3564
3699
6101
2755
7550
7338
666
1839
3052
9564
5952
7721
6525
6153
9703
4057
4177
904
5190
5870
3407
8017
897
6738
6263
7735
4526
7864
7709
1131
1024
200
5741
4250
7288
8241
506
6440
1129
9627
1770
724
5018
8708
2663
4157
9249
5454
4778
9516
1043
9963
5262
1155
8883
9679
2457
8347
265
2975
7145
9065
8468
1900
257
5636
4610
571
2985
3834
8034
5007
9488
8702
635
5922
3574
9901
3216
3522
500
3749
9847
325
9048
8721
141
7190
5242
2650
8010
1413
8757
1594
9480
4426
2717
8187
8965
9220
4657
5937
6258
1725
6705
2251
6425
5119
3480
3895
6771
3395
4843
5746
5717
1870
1873
1908
2432
3267
2242
2671
9540
2843
3670
2193
6348
9801
7481
2287
527
9504
5877
2426
9241
5836
6826
300
4463
1201
6239
5855
8833
6098
6278
8608
9603
4871
6140
4805
4505
2314
7949
8745
5528
1533
8857
8806
2869
1329
5193
7003
1731
5448
8668
8831
1692
6430
6850
9270
9698
2372
7591
3870
3972
7397
1606
2965
3816
4745
8632
2490
9079
6603
1857
213
7089
5230
6617
7827
3084
6023
2952
4277
5634
9872
8046
4145
1099
3600
1911
6756
2175
3339
4486
1468
6812
3579
9357
9633
3519
9622
5409
2444
2054
2112
2437
3609
8735
7418
6688
4508
7885
6500
6515
9936
4805
9727
9556
3261
3838
1566
7529
5514
5528
929
9302
3262
6837
1592
1570
2573
3065
1194
3053
1244
511
4910
8679
529
1490
6951
6678
3368
4065
8086
781
3442
210
8828
401
3359
539
9261
4132
3309
5702
2268
7226
9371
8570
4511
143
9415
2056
3005
3553
4616
477
9004
2547
2031
1648
992
6958
2812
5907
4574
6950
3330
4138
1495
5653
1791
6450
9658
3659
1749
5972
4321
653
770
4944
